,002_driftX,002_driftY,016_driftX,016_driftY,012_driftX,012_driftY,018_driftX,018_driftY,008_driftX,008_driftY,020_driftX,020_driftY,022_driftX,022_driftY,004_driftX,004_driftY,014_driftX,014_driftY,010_driftX,010_driftY,006_driftX,006_driftY
0,-0.07172849774360657,-0.32465821504592896,-0.1684570461511612,-1.1692871451377869,0.10117188096046448,-0.7431640625,-0.11176759004592896,-1.0869140625,-0.11733397841453552,-1.082910180091858,-0.09672851860523224,-0.8963867425918579,-0.246337890625,-0.8743652701377869,-0.5118652321398258,-1.114453136920929,-0.6150878891348839,-1.003613293170929,-0.65771484375,-1.151171863079071,-0.40336914360523224,-0.926562488079071
1,-0.07309567928314209,-0.3246093690395355,-0.17055664956569672,-1.171093761920929,0.09907224774360657,-0.758837878704071,-0.11357420682907104,-1.0895019173622131,-0.13427734375,-1.088525414466858,-0.09687499701976776,-0.8983398675918579,-0.25146484375,-0.900195300579071,-0.5118652321398258,-1.111865222454071,-0.6143066398799419,-1.0034668445587158,-0.6595214866101742,-1.151464819908142,-0.4168945252895355,-1.001708984375
2,-0.07509765028953552,-0.32500001788139343,-0.17104493081569672,-1.169677734375,0.107421875,-0.741992175579071,-0.114501953125,-1.088574230670929,-0.2618163973093033,-1.182861328125,-0.09482422471046448,-0.8965332508087158,-0.24765624105930328,-0.8951660394668579,-0.5092285126447678,-1.109228491783142,-0.6141113266348839,-0.9980957508087158,-0.6777832023799419,-1.153857409954071,9999.0,9999.0
3,-0.07675781846046448,-0.32685545086860657,-0.17304688692092896,-1.1711914539337158,0.10346680879592896,-0.757080078125,-0.11904296278953552,-1.092871069908142,-0.33378906548023224,-1.225390613079071,-0.09306640923023224,-0.8959472179412842,-0.23271483182907104,-0.866259753704071,-0.5069824233651161,-1.107958972454071,-0.6133300773799419,-0.9811522960662842,-0.8723632767796516,-1.178369164466858,9999.0,9999.0
4,-0.07534179091453552,-0.32670897245407104,-0.17329101264476776,-1.169726550579071,0.11005860567092896,-0.73681640625,-0.11699220538139343,-1.0938964486122131,-0.32792969048023224,-1.2235839366912842,-0.178955078125,-0.862109363079071,-0.23115234076976776,-0.8649413585662842,-0.5030761696398258,-1.102197289466858,-0.6116699203848839,-0.967529296875,-1.0423339754343033,-1.211865246295929,9999.0,9999.0
5,-0.07456055283546448,-0.32622072100639343,-0.17353516817092896,-1.171142578125,0.102783203125,-0.7574707269668579,-0.1171875,-1.093994140625,-0.3310546875,-1.225781261920929,-0.3003906309604645,-0.8396972417831421,-0.231689453125,-0.862841784954071,-0.5063964836299419,-1.10546875,-0.6124511733651161,-0.9562011361122131,-1.1325195282697678,-1.2446777820587158,9999.0,9999.0
6,-0.073974609375,-0.3260253965854645,-0.17568358778953552,-1.173437476158142,0.087158203125,-0.715283215045929,-0.11855468153953552,-1.095458984375,-0.33349609375,-1.226367175579071,-0.4541015625,-0.8472656011581421,-0.2314453125,-0.8614257574081421,-0.5073730461299419,-1.107128918170929,-0.6085937507450581,-0.9361328482627869,-1.1251464933156967,-1.2448241710662842,9999.0,9999.0
7,-0.07094728946685791,-0.3263183534145355,-0.17353515326976776,-1.1708007454872131,0.05991211533546448,-0.6566406488418579,-0.11728516221046448,-1.0953612923622131,-0.3333496153354645,-1.223876953125,-0.5061523392796516,-0.854248046875,-0.24545897543430328,-0.8946288824081421,-0.5066406242549419,-1.0966796875,-0.6091796867549419,-0.9312500357627869,-1.1299316585063934,-1.2526367902755737,9999.0,9999.0
8,-0.07070311903953552,-0.32490232586860657,-0.17250975966453552,-1.1697754263877869,0.03867188096046448,-0.654052734375,-0.11787110567092896,-1.0948242545127869,-0.337890625,-1.2300293445587158,-0.50439453125,-0.8537108898162842,-0.23178710043430328,-0.8550781011581421,-0.5039062462747097,-1.0806640982627869,-0.6060058586299419,-0.918212890625,-1.1328124850988388,-1.2529784440994263,-0.5657226555049419,-1.304589867591858
9,-0.072021484375,-0.32329100370407104,-0.17265625298023224,-1.170117199420929,0.04057618975639343,-0.6524902582168579,-0.11679686605930328,-1.093164086341858,-0.3382324278354645,-1.2325195670127869,-0.5020507834851742,-0.8511718511581421,-0.24589844048023224,-0.9346679449081421,-0.5053222673013806,-1.089404284954071,-0.6064941436052322,-0.9169921875,-1.1392578184604645,-1.258544921875,-0.5682617202401161,-1.1435546875
10,-0.07363280653953552,-0.3219238221645355,-0.17226563394069672,-1.170556664466858,0.040771484375,-0.660595715045929,-0.11831054091453552,-1.093994140625,-0.3392578065395355,-1.237402319908142,-0.5016113258898258,-0.8528808355331421,-0.240234375,-0.83935546875,-0.49990234710276127,-1.080712914466858,-0.6031250022351742,-0.9087890386581421,-1.1434081941843033,-1.2578613758087158,-0.638085937127471,-1.1785156726837158
11,-0.07329100370407104,-0.322265625,-0.17246094346046448,-1.17236328125,0.045166015625,-0.659863293170929,-0.11738280951976776,-1.092919945716858,-0.34086914360523224,-1.240283191204071,-0.5015136748552322,-0.8531249761581421,9999.0,9999.0,-0.5032226592302322,-1.1070800423622131,-0.6031738296151161,-0.900097668170929,-1.149121105670929,-1.263232409954071,-0.6620117202401161,-1.1941406726837158
12,-0.07358396053314209,-0.3202148675918579,-0.17412109673023224,-1.176562488079071,0.05239257216453552,-0.6515136957168579,-0.1162109375,-1.089599609375,-0.3431640565395355,-1.2447753548622131,-0.5033691413700581,-0.8536621332168579,9999.0,9999.0,-0.4268554747104645,-1.0089843273162842,-0.6029296889901161,-0.8954101204872131,-1.1532714813947678,-1.265576183795929,-0.705664062872529,-1.3637695908546448
13,-0.07412108778953552,-0.323486328125,-0.17460937798023224,-1.17529296875,0.05356442928314209,-0.6514648199081421,-0.11835937201976776,-1.093505859375,-0.3433593660593033,-1.247119128704071,-0.503173828125,-0.8552734851837158,-0.19160157442092896,-0.7061523199081421,9999.0,9999.0,-0.6030761748552322,-0.8876953125,-1.1572265625,-1.267822265625,-0.712158203125,-1.375097632408142
14,-0.07158201932907104,-0.32280275225639343,-0.17592772841453552,-1.177197277545929,0.05415037274360657,-0.654589831829071,-0.11835938692092896,-1.093847632408142,-0.346923828125,-1.2489745616912842,-0.5033691376447678,-0.857128918170929,-0.25507813692092896,-0.8729492425918579,9999.0,9999.0,-0.4959960877895355,-0.6902344226837158,-1.1564941555261612,-1.269238293170929,-0.7132812514901161,-1.378271460533142
15,-0.072021484375,-0.321533203125,-0.17490234971046448,-1.176513671875,0.04819336533546448,-0.6702637076377869,-0.11855469644069672,-1.092382788658142,-0.3480468690395355,-1.248437523841858,-0.50537109375,-0.8558593392372131,-0.2579101622104645,-0.82275390625,9999.0,9999.0,9999.0,9999.0,-1.157763659954071,-1.272070288658142,-0.7133300751447678,-1.376562476158142
16,-0.07148435711860657,-0.3233886659145355,-0.17270506918430328,-1.1737304329872131,0.050244152545928955,-0.6673339605331421,-0.12148436903953552,-1.097216784954071,-0.3519531339406967,-1.2505371570587158,-0.5069824233651161,-0.857226550579071,-0.21464842557907104,-0.71923828125,9999.0,9999.0,9999.0,9999.0,-1.0814453214406967,-1.2795898914337158,-0.7134277336299419,-1.375683605670929
17,-0.071533203125,-0.3231445252895355,-0.174560546875,-1.175634741783142,0.04775390028953552,-0.672119140625,-0.15312498807907104,-1.119677722454071,-0.3523925840854645,-1.247949242591858,-0.5058105438947678,-0.8550781607627869,-0.27827149629592896,-0.9249999523162842,9999.0,9999.0,9999.0,9999.0,-0.9173828139901161,-1.295312523841858,-0.7132324250414968,-1.3732909560203552
18,-0.070556640625,-0.325439453125,-0.15371094644069672,-1.1278319954872131,0.05078125,-0.6714355945587158,-0.15883789956569672,-1.1170898079872131,-0.3497070372104645,-1.242138683795929,-0.505859375,-0.858203113079071,-0.2776855379343033,-0.919482409954071,9999.0,9999.0,9999.0,9999.0,-0.768457037396729,-1.313867211341858,-0.7134765656664968,-1.369287133216858
19,-0.065185546875,-0.332275390625,-0.06821289658546448,-0.9425292611122131,0.04863283038139343,-0.675244152545929,-0.16147460043430328,-1.121337890625,-0.34575195610523224,-1.232177734375,-0.5072753913700581,-0.86083984375,-0.28862303495407104,-0.9439941644668579,-0.4463867247104645,-1.223046898841858,9999.0,9999.0,-0.7609863337129354,-1.321484386920929,-0.7140136752277613,-1.371484398841858
20,0.008984386920928955,-0.452880859375,0.0005859434604644775,-0.8641113042831421,0.04482421278953552,-0.6905273795127869,-0.16401368379592896,-1.1266112923622131,-0.33881835639476776,-1.234375,-0.5123535189777613,-0.8873534798622131,-0.29375000298023224,-0.9571777582168579,-0.685546875,-1.9098632335662842,9999.0,9999.0,-0.7596191405318677,-1.323974609375,-0.7132324231788516,-1.3688476085662842
21,0.030566394329071045,-0.564404308795929,-0.01025390625,-0.8761230111122131,-0.020117193460464478,-0.8336426019668579,-0.16557617485523224,-1.129638671875,-0.4091796875,-1.4616211652755737,-0.4600585997104645,-0.8289062976837158,-0.29072265326976776,-0.9502930045127869,-0.5132812485098839,-1.275781273841858,-0.4131835997104645,-0.8724609613418579,-0.7575195282697678,-1.3201660513877869,-0.7091308580711484,-1.3630859851837158
22,0.026562511920928955,-0.570507824420929,-0.01425778865814209,-0.882031261920929,-0.11210936307907104,-1.03515625,-0.16689452528953552,-1.127294898033142,-0.5163574256002903,-1.7790038585662842,9999.0,9999.0,-0.27949218451976776,-0.918652355670929,-0.46650390326976776,-1.1726562976837158,-0.4642578065395355,-0.8244140148162842,-0.7593261748552322,-1.3166015148162842,-0.7070800811052322,-1.357470691204071
23,0.025390625,-0.574023425579071,-0.014306634664535522,-0.884326159954071,-0.13735350966453552,-1.115576148033142,-0.16513670980930328,-1.126074194908142,-0.7598632872104645,-2.0298829078674316,9999.0,9999.0,-0.28291015326976776,-0.9264160394668579,-0.45947265625,-1.15087890625,-0.5048828125,-0.8011718988418579,-0.7591796934611921,-1.314746081829071,-0.6398437507450581,-1.3715331554412842
24,0.022167980670928955,-0.568896472454071,-0.015869140625,-0.88671875,-0.14511719346046448,-1.132665991783142,-0.16640624403953552,-1.130419909954071,-0.885449230670929,-2.3197264671325684,9999.0,9999.0,-0.2821289002895355,-0.92578125,-0.4696289002895355,-1.1720702648162842,-0.4951171875,-0.7614257335662842,-0.758056640625,-1.310205101966858,-0.5921874986961484,-1.4012207388877869
25,0.018994152545928955,-0.572802722454071,-0.0185546875,-0.8851562738418579,-0.14604490995407104,-1.132959008216858,-0.16455078125,-1.1277832388877869,9999.0,9999.0,9999.0,9999.0,-0.28349609673023224,-0.9298339486122131,-0.5485839857719839,-1.406347632408142,-0.5999511703848839,-1.0547851920127869,-0.760498046875,-1.3068847060203552,-0.590478515252471,-1.3915526866912842
26,0.017675787210464478,-0.5743164420127869,-0.018164068460464478,-0.8883301019668579,-0.147705078125,-1.1314941048622131,-0.16596680879592896,-1.131054699420929,9999.0,9999.0,9999.0,9999.0,-0.29243163764476776,-0.9585937857627869,-0.4590820372104645,-1.1609375476837158,-0.6045410111546516,-1.063378930091858,-0.7668945252662525,-1.3113281726837158,-0.59912109375,-1.4122070670127869
27,0.018310546875,-0.573681652545929,-0.019091814756393433,-0.8916991949081421,-0.15219727158546448,-1.134570300579071,-0.16249999403953552,-1.1264159679412842,-0.9532226622104645,-2.693359375,9999.0,9999.0,-0.28315429389476776,-0.9326171875,-0.5433593734633178,-1.394189476966858,-0.6047851555049419,-1.062451183795929,-0.7771972715854645,-1.3155273795127869,-0.5905273426324129,-1.39306640625
28,0.018017590045928955,-0.5756347179412842,-0.020849615335464478,-0.8946288824081421,-0.15410156548023224,-1.1378417611122131,-0.16621093451976776,-1.1295409798622131,9999.0,9999.0,9999.0,9999.0,-0.2867187559604645,-0.935595691204071,-0.5513671841472387,-1.408203125,-0.6011718735098839,-1.055029273033142,-0.7837402345612645,-1.3171387314796448,-0.590185547247529,-1.392871081829071
29,0.015966802835464478,-0.5726562738418579,-0.022021502256393433,-0.8909667730331421,-0.15590819716453552,-1.139599621295929,-0.16542969644069672,-1.130761742591858,9999.0,9999.0,9999.0,9999.0,-0.28935547173023224,-0.9385741949081421,-0.46064452826976776,-1.176855444908142,-0.5953613296151161,-1.041455090045929,-0.7853027312085032,-1.3176268935203552,-0.589941406622529,-1.3857421875
30,0.01914060115814209,-0.57177734375,-0.021630853414535522,-0.8936523199081421,-0.15908202528953552,-1.1451172232627869,-0.16660156846046448,-1.133251965045929,9999.0,9999.0,-0.46220703423023224,-0.8235352039337158,-0.28813475370407104,-0.941455066204071,-0.5516113294288516,-1.409228503704071,-0.5946777351200581,-1.0339844226837158,-0.7867675810121,-1.320214867591858,-0.593652343377471,-1.37890625
31,0.018115222454071045,-0.5743652582168579,-0.007519543170928955,-0.8209960460662842,-0.15727539360523224,-1.1433594226837158,-0.22456054389476776,-1.178613305091858,9999.0,9999.0,-0.5056640654802322,-0.8675781488418579,-0.3252929747104645,-1.0001464486122131,-0.5510253920219839,-1.4079589247703552,-0.5942871086299419,-1.029833972454071,-0.7852539061568677,-1.322851538658142,-0.6022460944950581,-1.3654297590255737
32,0.018212884664535522,-0.5709472298622131,9999.0,9999.0,-0.15922851860523224,-1.140917956829071,-0.3512206971645355,-1.2532715201377869,9999.0,9999.0,-0.5009765625,-0.8348633050918579,-0.3585449159145355,-1.048437476158142,-0.5532714826986194,-1.410009741783142,-0.5992675796151161,-1.032470703125,-0.7830078154802322,-1.3253905773162842,-0.6205566376447678,-1.373193383216858
33,0.019677728414535522,-0.5748535394668579,9999.0,9999.0,-0.16054686903953552,-1.14306640625,-0.4273437485098839,-1.2997558116912842,9999.0,9999.0,-0.5172851532697678,-0.8772461414337158,-0.3577636703848839,-1.0458984375,-0.5535156279802322,-1.4150390028953552,-0.6097656264901161,-1.046875,-0.787353515625,-1.331005871295929,-0.6329589821398258,-1.355273425579071
34,0.017529278993606567,-0.572998046875,9999.0,9999.0,-0.16279298067092896,-1.14453125,-0.42338867485523224,-1.2979004383087158,9999.0,9999.0,-0.5041992217302322,-0.8459961414337158,-0.3603515699505806,-1.051074206829071,-0.5367187485098839,-1.376269519329071,-0.6177246123552322,-1.059374988079071,-0.8089843783527613,-1.335107445716858,-0.6517089828848839,-1.3444335460662842
35,0.017626941204071045,-0.5723632574081421,9999.0,9999.0,-0.16425782442092896,-1.145947277545929,-0.42109374701976776,-1.295605480670929,9999.0,9999.0,-0.5546386707574129,-0.952587902545929,-0.36079101264476776,-1.0518555045127869,-0.5024414099752903,-1.2666992545127869,-0.6199218742549419,-1.0687499642372131,-0.805029297247529,-1.3343749642372131,-0.6666503883898258,-1.3539062142372131
36,0.016992181539535522,-0.567578136920929,9999.0,9999.0,-0.16621093451976776,-1.1476562023162842,-0.420166015625,-1.2965819835662842,-0.956835925579071,-2.693359375,-0.5547363264486194,-0.953369140625,-0.36396484076976776,-1.053955078125,-0.49296874925494194,-1.211962878704071,-0.6208007782697678,-1.076806664466858,-0.8071289118379354,-1.3389159440994263,-0.6673339866101742,-1.3293944597244263
37,0.0166015625,-0.569531261920929,-0.1640625,-1.0944335460662842,-0.16708984971046448,-1.146337866783142,-0.4222168028354645,-1.2985351085662842,9999.0,9999.0,-0.5554687511175871,-0.9500488042831421,-0.3657226487994194,-1.055810570716858,-0.5000000037252903,-1.2283691763877869,-0.6231933571398258,-1.0979980826377869,-0.8066406194120646,-1.3366698622703552,-0.665917968377471,-1.324316382408142
38,0.014843761920928955,-0.567431628704071,-0.04833984375,-0.8990234136581421,-0.1662597805261612,-1.1451172232627869,-0.4219726547598839,-1.296093761920929,9999.0,9999.0,-0.5563964853063226,-0.9502929449081421,-0.364990234375,-1.0596680045127869,-0.5026367213577032,-1.234619140625,-0.6171386726200581,-1.0909667611122131,-0.8071777280420065,-1.336035132408142,-0.6656249966472387,-1.3353027701377869
39,0.018750011920928955,-0.562792956829071,-0.04287111759185791,-0.8544921875,-0.17441406846046448,-1.1478515267372131,-0.4242187514901161,-1.297802746295929,9999.0,9999.0,-0.5579101545736194,-0.9508301019668579,-0.36372070759534836,-1.0537109375,-0.5010742172598839,-1.2344726920127869,-0.61669921875,-1.095947265625,-0.8061035219579935,-1.335693359375,-0.6591308638453484,-1.3272461295127869
40,0.01162111759185791,-0.6034179925918579,-0.015820324420928955,-0.8119140863418579,-0.1728515625,-1.132373034954071,-0.42431640625,-1.301025390625,9999.0,9999.0,-0.5609863274730742,-0.9571777582168579,-0.3639160096645355,-1.062353491783142,-0.5022460911422968,-1.239697277545929,-0.6149414032697678,-1.1006348133087158,-0.8012207057327032,-1.330371081829071,-0.65771484375,-1.32666015625
41,9999.0,9999.0,-0.035937488079071045,-0.82958984375,-0.17109374701976776,-1.131298840045929,-0.42656250298023224,-1.304931640625,9999.0,9999.0,-0.5601562508381903,-0.9590820074081421,-0.3736328184604645,-1.089208960533142,-0.5011230483651161,-1.2378906607627869,-0.6134277358651161,-1.103417992591858,-0.799169922247529,-1.324951171875,-0.6483398452401161,-1.3063477277755737
42,9999.0,9999.0,-0.0224609375,-0.883105456829071,-0.16845703125,-1.120556652545929,-0.426025390625,-1.307568371295929,9999.0,9999.0,-0.5595703125,-0.958789050579071,-0.3664550855755806,-1.065576195716858,-0.5017089862376451,-1.242968738079071,-0.6113281287252903,-1.1092285513877869,-0.7925292905420065,-1.3206543326377869,-0.7153320297657046,-1.339941382408142
43,9999.0,9999.0,-0.02773439884185791,-0.8960937261581421,-0.17177733778953552,-1.126220703125,-0.427490234375,-1.3079102039337158,9999.0,9999.0,-0.5636718743480742,-0.972119152545929,-0.3664550855755806,-1.066503882408142,-0.5059570334851742,-1.2605957388877869,-0.6092285178601742,-1.114648461341858,-0.7825195281766355,-1.305468738079071,-0.8495605438947678,-1.48388671875
44,0.03408205509185791,-0.6189453601837158,-0.031103521585464478,-0.9022461175918579,-0.20253905653953552,-1.09912109375,-0.4270996153354645,-1.31005859375,9999.0,9999.0,-0.5583007801324129,-0.9632323980331421,-0.37690430134534836,-1.097119152545929,-0.5084960944950581,-1.267285168170929,-0.6092285178601742,-1.116650402545929,-0.7310546860098839,-1.0714843273162842,-0.8588378876447678,-1.493554711341858
45,0.051074206829071045,-0.5055663585662842,-0.033984363079071045,-0.9087890386581421,9999.0,9999.0,-0.42705077677965164,-1.3111328482627869,9999.0,9999.0,-0.563574219122529,-0.9752441644668579,-0.37895507365465164,-1.100195288658142,-0.5123046860098839,-1.2796387076377869,-0.49042968451976776,-0.8414062261581421,9999.0,9999.0,-0.8596191331744194,-1.507226586341858
46,0.03603518009185791,-0.5242187976837158,-0.03227540850639343,-0.908154308795929,9999.0,9999.0,-0.414794921875,-1.307714819908142,9999.0,9999.0,-0.5582031235098839,-0.9646972417831421,-0.3696288987994194,-1.066308617591858,-0.5095703117549419,-1.2723632454872131,-0.47441406548023224,-0.8252929449081421,9999.0,9999.0,-0.8573242202401161,-1.508154273033142
47,0.04062497615814209,-0.4931640625,-0.037060558795928955,-0.9120117425918579,9999.0,9999.0,-0.41474609076976776,-1.3091309070587158,9999.0,9999.0,-0.5623535150662065,-0.976611316204071,-0.37646484375,-1.09521484375,-0.5126953125,-1.2848632335662842,9999.0,9999.0,9999.0,9999.0,-0.8529785126447678,-1.5060058236122131
48,0.03847658634185791,-0.4996581971645355,-0.038134753704071045,-0.9141601324081421,9999.0,9999.0,-0.4154296815395355,-1.307373046875,9999.0,9999.0,-0.5608886731788516,-0.975341796875,-0.37666015326976776,-1.096337914466858,-0.5104980487376451,-1.2845215201377869,9999.0,9999.0,9999.0,9999.0,-0.8540527373552322,-1.5092285871505737
49,0.040332019329071045,-0.507763683795929,-0.03911134600639343,-0.917236328125,9999.0,9999.0,-0.41474609822034836,-1.3086914420127869,9999.0,9999.0,-0.5552734388038516,-0.963623046875,-0.3750976622104645,-1.097119152545929,-0.5133789079263806,-1.292333960533142,9999.0,9999.0,9999.0,9999.0,-0.8529296889901161,-1.5050292611122131
50,0.040332019329071045,-0.509960949420929,-0.03696289658546448,-0.915332019329071,9999.0,9999.0,-0.4150390699505806,-1.310644507408142,9999.0,9999.0,-0.5682128891348839,-1.021191418170929,-0.37578124552965164,-1.09521484375,-0.5139648430049419,-1.285888671875,9999.0,9999.0,9999.0,9999.0,-0.85107421875,-1.4954590201377869
51,0.041015625,-0.5174804329872131,-0.037158191204071045,-0.916943371295929,-0.15732422471046448,-1.091796875,-0.40947265177965164,-1.305908203125,9999.0,9999.0,-0.6171386720670853,-1.270751953125,-0.3726562485098839,-1.080664038658142,-0.5137695334851742,-1.285595715045929,9999.0,9999.0,9999.0,9999.0,-0.8518554717302322,-1.4845214486122131
52,0.03964844346046448,-0.5168457329273224,-0.03452149033546448,-0.912158191204071,-0.12685546278953552,-1.013281226158142,-0.41044922173023224,-1.306689441204071,-0.13828125596046448,-1.0725586414337158,-0.6763183595612645,-1.5679199695587158,-0.37690430134534836,-1.093603491783142,-0.5166992219164968,-1.2916503548622131,9999.0,9999.0,9999.0,9999.0,-0.850830078125,-1.4687987565994263
53,0.037158191204071045,-0.517382800579071,-0.07832032442092896,-0.950634777545929,-0.13945311307907104,-1.033300757408142,-0.41181640326976776,-1.306738257408142,-0.14960938692092896,-0.9416992664337158,-0.7310058623552322,-1.845703125,-0.37763671576976776,-1.0966796875,-0.5155761726200581,-1.2931641340255737,9999.0,9999.0,-0.9332031309604645,-1.414160132408142,-0.8489257767796516,-1.461718738079071
54,0.03403320908546448,-0.5152343809604645,-0.19184571504592896,-1.1144530773162842,-0.10283203423023224,-1.124267578125,-0.4124511778354645,-1.309228539466858,-0.22148436307907104,-1.0149414539337158,-0.8563476502895355,-1.9818358421325684,-0.375244140625,-1.095947265625,-0.5145507827401161,-1.298828125,-0.49345703423023224,-0.8513672351837158,-0.921093761920929,-1.36865234375,-0.8408691473305225,-1.454003930091858
55,0.03291013836860657,-0.518603503704071,-0.23691406846046448,-1.2138671875,-0.09809570014476776,-1.1083984375,-0.4126953110098839,-1.3087890148162842,-0.18564453721046448,-1.050244152545929,-0.8709960877895355,-2.035351514816284,-0.3744140639901161,-1.0947265625,-0.5107421893626451,-1.297705054283142,-0.5064453110098839,-0.80810546875,-1.0575195401906967,-1.6767577528953552,-0.8516113273799419,-1.4987793564796448
56,0.026171863079071045,-0.5438476800918579,-0.23393553495407104,-1.211181640625,-0.09096680581569672,-1.084765613079071,-0.4128418043255806,-1.3099609017372131,-0.19184570014476776,-1.075488269329071,-0.8138671815395355,-2.280468702316284,-0.3734375014901161,-1.0932128429412842,-0.5083984397351742,-1.2977538704872131,-0.48828125,-0.74560546875,-1.0590332001447678,-1.679101586341858,9999.0,9999.0
57,0.030224621295928955,-0.5213867127895355,-0.23627929389476776,-1.2132812142372131,-0.1008300632238388,-1.110302746295929,-0.4135742262005806,-1.3125,-0.192626953125,-1.0847656726837158,-0.8547851592302322,-2.032421827316284,-0.37187500298023224,-1.091503918170929,-0.5071777310222387,-1.298681616783142,-0.49150390923023224,-0.7678711414337158,-1.0572265684604645,-1.682421863079071,9999.0,9999.0
58,0.033984363079071045,-0.5194335877895355,-0.23798827826976776,-1.209130883216858,-0.10004882514476776,-1.108105480670929,-0.4107910096645355,-1.306542992591858,-0.22382813692092896,-1.04833984375,-0.8508789092302322,-2.03369140625,-0.37451171875,-1.09521484375,-0.5050292946398258,-1.297900378704071,-0.5948242172598839,-1.045947253704071,-1.055712878704071,-1.684521496295929,9999.0,9999.0
59,0.03232422471046448,-0.5235351622104645,-0.237060546875,-1.2115722298622131,-0.09101563692092896,-1.081201195716858,-0.40947265923023224,-1.305468738079071,-0.194580078125,-1.122167944908142,-0.8490234315395355,-2.037792921066284,-0.3727050721645355,-1.095849633216858,-0.5053222645074129,-1.2978026866912842,-0.5957519523799419,-1.0481445789337158,-1.054980456829071,-1.6880371570587158,9999.0,9999.0
60,0.019970685243606567,-0.5453124642372131,-0.23554688692092896,-1.211669921875,-0.09912109375,-1.102197289466858,-0.4063476547598839,-1.300683617591858,-0.185302734375,-1.0995116829872131,-0.8502929657697678,-2.042285203933716,-0.37446288764476776,-1.0960937142372131,-0.4663085974752903,-1.3594726920127869,-0.5984374992549419,-1.0541015267372131,-1.052441418170929,-1.6873535513877869,9999.0,9999.0
61,0.020898431539535522,-0.5483887195587158,-0.23603515326976776,-1.208984375,-0.0947265625,-1.0950683951377869,-0.4034179598093033,-1.288427710533142,-0.18452149629592896,-1.1009765267372131,-0.8344238251447678,-2.141406297683716,-0.37602539360523224,-1.099072277545929,-0.4046386778354645,-1.4295898079872131,-0.5958007834851742,-1.048388659954071,-1.0511230528354645,-1.6886718273162842,9999.0,9999.0
62,0.020263671875,-0.5503418445587158,-0.238037109375,-1.210302710533142,-0.09213866293430328,-1.083398461341858,-0.3902343809604645,-1.2655273079872131,-0.18442383408546448,-1.0999512076377869,-0.8340820297598839,-2.140039086341858,-0.3750976622104645,-1.099218726158142,-0.29106444120407104,-1.454345703125,-0.6025390625,-1.063427746295929,-1.0528320372104645,-1.69189453125,-0.6625000014901161,-1.175683617591858
63,0.01992189884185791,-0.545947253704071,-0.23676757514476776,-1.208935558795929,-0.0883789211511612,-1.075732409954071,-0.2958007752895355,-1.1301758289337158,-0.18618164956569672,-1.1018555164337158,-0.8333496078848839,-2.1402831077575684,-0.3749023452401161,-1.098925769329071,-0.22812500596046448,-1.2146484851837158,-0.6042968742549419,-1.068750023841858,-1.053466796875,-1.695751965045929,-0.6650390625,-1.174902319908142
64,0.021044909954071045,-0.544921875,-0.23720704019069672,-1.209912121295929,-0.08652344346046448,-1.068798840045929,-0.20888671278953552,-1.0534179210662842,-0.18637695908546448,-1.102246105670929,-0.833984375,-2.141503930091858,-0.3759765625,-1.099902331829071,9999.0,9999.0,-0.605712890625,-1.0738769173622131,-1.0553222745656967,-1.6999024152755737,-0.7683593723922968,-1.438867211341858
65,0.021044909954071045,-0.550341784954071,-0.235595703125,-1.209130883216858,-0.09550783038139343,-1.082958996295929,9999.0,9999.0,-0.18735352158546448,-1.103320300579071,-0.8330566436052322,-2.139209032058716,-0.3768554627895355,-1.100634753704071,9999.0,9999.0,-0.6064453125,-1.075341820716858,-1.0556152164936066,-1.7004882097244263,-0.7767089866101742,-1.4613770246505737
66,0.02392578125,-0.546142578125,-0.23525390028953552,-1.208691418170929,-0.07568359375,-1.051123023033142,9999.0,9999.0,-0.18754883110523224,-1.103369116783142,-0.8375000059604645,-2.036816358566284,-0.3772949129343033,-1.0991699695587158,9999.0,9999.0,-0.6080078110098839,-1.077441394329071,-1.054248034954071,-1.703515648841858,-0.7862304672598839,-1.4826171398162842
67,0.024072259664535522,-0.5486816763877869,-0.23452149331569672,-1.2073730826377869,-0.15869140625,-1.083398461341858,9999.0,9999.0,-0.18916015326976776,-1.105419933795929,-0.8104980513453484,-2.0972167253494263,-0.3797363191843033,-1.104101538658142,9999.0,9999.0,-0.6068359389901161,-1.072460949420929,-1.0527343899011612,-1.7035644054412842,-0.7955078147351742,-1.5004882216453552
68,0.022705078125,-0.546826183795929,-0.23398438096046448,-1.205908179283142,9999.0,9999.0,9999.0,9999.0,-0.18525390326976776,-1.078515648841858,-0.7472656220197678,-1.8770508766174316,-0.38081055134534836,-1.104785144329071,9999.0,9999.0,-0.608154296875,-1.0745605826377869,-1.0491699278354645,-1.696630835533142,-0.8028320372104645,-1.517480492591858
69,0.02382814884185791,-0.5478515625,-0.23452149331569672,-1.207080066204071,9999.0,9999.0,9999.0,9999.0,-0.19614258408546448,-1.014990210533142,9999.0,9999.0,-0.38139648735523224,-1.1065917611122131,9999.0,9999.0,-0.601318359375,-1.048779308795929,-1.0630859434604645,-1.726953148841858,-0.804931640625,-1.5211913585662842
70,0.023144543170928955,-0.55078125,-0.23549804091453552,-1.210302710533142,9999.0,9999.0,9999.0,9999.0,-0.2643066495656967,-0.962646484375,9999.0,9999.0,-0.3814453035593033,-1.106152355670929,9999.0,9999.0,-0.6111816391348839,-1.0712890625,9999.0,9999.0,-0.8054199144244194,-1.522216796875
71,0.022558599710464478,-0.549853503704071,-0.22255858778953552,-1.2001953125,9999.0,9999.0,9999.0,9999.0,-0.384033203125,-0.977099597454071,9999.0,9999.0,-0.38286132365465164,-1.10595703125,9999.0,9999.0,-0.61083984375,-1.073388695716858,9999.0,9999.0,-0.8078125007450581,-1.52783203125
72,0.023095697164535522,-0.5506348013877869,-0.22426757216453552,-1.199755847454071,9999.0,9999.0,9999.0,9999.0,-0.4078613296151161,-0.990673840045929,9999.0,9999.0,-0.3826660141348839,-1.106103539466858,9999.0,9999.0,-0.609375,-1.072265625,9999.0,9999.0,-0.8048828095197678,-1.5229980945587158
73,0.0224609375,-0.549755871295929,-0.22490234673023224,-1.200732409954071,9999.0,9999.0,9999.0,9999.0,-0.4151855483651161,-0.999267578125,9999.0,9999.0,-0.38154296576976776,-1.101953148841858,9999.0,9999.0,-0.6049316413700581,-1.06396484375,9999.0,9999.0,-0.8077148385345936,-1.5279784798622131
74,0.022900402545928955,-0.549755871295929,-0.22612304985523224,-1.205078125,9999.0,9999.0,9999.0,9999.0,-0.42045898735523224,-1.0009276866912842,9999.0,9999.0,-0.3797851651906967,-1.097216784954071,9999.0,9999.0,-0.6051757782697678,-1.059912085533142,9999.0,9999.0,-0.8096191361546516,-1.5170899033546448
75,0.022607415914535522,-0.5492187738418579,-0.225341796875,-1.202734351158142,-0.2808593809604645,-1.179101586341858,9999.0,9999.0,-0.42578125,-1.002539038658142,-0.2608398497104645,-0.8137695789337158,-0.3806152418255806,-1.0941405892372131,9999.0,9999.0,-0.6046386733651161,-1.056884765625,9999.0,9999.0,-0.8329101502895355,-1.5205078125
76,0.022900402545928955,-0.54736328125,-0.224853515625,-1.2015137076377869,-0.18203124403953552,-1.0263671875,-0.17744141817092896,-1.041894555091858,-0.42919921875,-1.00341796875,-0.3020996004343033,-0.9697265625,-0.3788085877895355,-1.090576171875,9999.0,9999.0,-0.6072265580296516,-1.063232421875,9999.0,9999.0,-0.9015625044703484,-1.551416039466858
77,0.017236322164535522,-0.5738281011581421,-0.22392578423023224,-1.200732409954071,-0.2177734375,-1.086816430091858,-0.17568358778953552,-1.036230444908142,-0.43281250447034836,-1.002978503704071,-0.2997070401906967,-0.956835925579071,-0.3755859434604645,-1.082275390625,9999.0,9999.0,-0.6030761711299419,-1.054394543170929,-0.5933593735098839,-0.93798828125,-0.9127929732203484,-1.5363770127296448
78,0.018164068460464478,-0.5707519054412842,-0.22119140625,-1.2005371451377869,-0.185546875,-1.119091808795929,-0.185546875,-1.058496117591858,-0.43486328423023224,-1.0062499642372131,-0.30439452826976776,-0.9692871570587158,-0.37822265923023224,-1.092529296875,-0.46357421576976776,-1.0636718273162842,-0.6052734404802322,-1.060839831829071,-0.596777344122529,-0.9069335460662842,-0.9187011644244194,-1.503466784954071
79,0.017871111631393433,-0.574951171875,-0.21982422471046448,-1.198632836341858,-0.19477538764476776,-1.13330078125,-0.135009765625,-1.0970702767372131,-0.4347167983651161,-1.0015625357627869,-0.27070313692092896,-0.8309570550918579,-0.3792968764901161,-1.090771496295929,-0.466796875,-1.06591796875,-0.6071289069950581,-1.065966784954071,-0.7107421848922968,-1.246386706829071,-0.9310546815395355,-1.483691394329071
80,0.018457025289535522,-0.5716797113418579,-0.22041016817092896,-1.198095679283142,-0.19477538764476776,-1.130078136920929,-0.14101563394069672,-1.1124999523162842,-0.43549805134534836,-1.0010742545127869,-0.3067382872104645,-0.9811034798622131,-0.3807617127895355,-1.089013695716858,-0.48115234076976776,-1.078710913658142,-0.6046875007450581,-1.061669945716858,-0.716894531622529,-1.2602050304412842,-0.9415527284145355,-1.459423840045929
81,0.019335955381393433,-0.571728527545929,-0.222412109375,-1.19775390625,-0.19819337129592896,-1.138818383216858,-0.14892578125,-1.1226074695587158,-0.4354492202401161,-1.002343773841858,-0.310302734375,-0.99609375,-0.384521484375,-1.094677746295929,-0.5766113288700581,-1.3216308951377869,-0.606689453125,-1.064453125,-0.7357910145074129,-1.300927758216858,-0.941650390625,-1.437597632408142
82,0.020605474710464478,-0.570751965045929,-0.22519530355930328,-1.20166015625,-0.198974609375,-1.1414551138877869,-0.151611328125,-1.1279296875,-0.43559570610523224,-1.00341796875,-0.31245118379592896,-1.000537097454071,-0.381591796875,-1.0835937857627869,-0.5859863273799419,-1.3354491591453552,-0.6058105453848839,-1.067089855670929,-0.7392089827917516,-1.299707055091858,-0.9278808608651161,-1.4177246689796448
83,0.025000005960464478,-0.5506836175918579,-0.22514647245407104,-1.199951171875,-0.201416015625,-1.146923840045929,-0.15419922769069672,-1.133398413658142,-0.4337402358651161,-1.00341796875,-0.30473633110523224,-0.9766113758087158,-0.3851562440395355,-1.0966308116912842,-0.5886230450123549,-1.3348144888877869,-0.6045410111546516,-1.065966784954071,-0.7397460909560323,-1.293896496295929,-0.8992675766348839,-1.396435558795929
84,0.025537103414535522,-0.5540039539337158,-0.22509765625,-1.1982421875,-0.20395508408546448,-1.146875023841858,-0.158203125,-1.136669933795929,-0.4349609389901161,-1.005810558795929,-0.31279297173023224,-1.004101574420929,-0.38286132365465164,-1.0947754383087158,-0.5979492180049419,-1.3432128429412842,-0.6039550788700581,-1.0623535513877869,-0.7420898466371,-1.299560546875,-0.8626464866101742,-1.3698241710662842
85,0.024462908506393433,-0.5576171875,-0.22368164360523224,-1.1977050304412842,-0.204345703125,-1.148339867591858,-0.1584472507238388,-1.140185534954071,-0.442626953125,-1.021093726158142,-0.31328125298023224,-1.0088379383087158,-0.38261718302965164,-1.0955078601837158,-0.6069824248552322,-1.349755883216858,-0.5979980453848839,-1.043701171875,-0.7437011720612645,-1.3035644888877869,-0.8222167976200581,-1.3378417491912842
86,0.024707049131393433,-0.558056652545929,-0.22265625,-1.197265625,-0.20229491591453552,-1.150976538658142,-0.15878906846046448,-1.14111328125,-0.4449707046151161,-1.024707019329071,-0.3041015714406967,-0.97900390625,-0.38310546427965164,-1.096582055091858,-0.6164062507450581,-1.355126976966858,-0.6038574241101742,-1.062597632408142,-0.754150390625,-1.324023425579071,-0.8049804717302322,-1.317041039466858
87,0.02211916446685791,-0.5672851204872131,-0.22158204019069672,-1.1952148079872131,-0.20131835341453552,-1.14599609375,-0.15883788466453552,-1.141455054283142,-0.4415039047598839,-1.0086426138877869,-0.3130859434604645,-1.001660168170929,-0.38188476115465164,-1.0935547351837158,-0.6235839873552322,-1.357519507408142,-0.6034667938947678,-1.057470679283142,-0.7594238251913339,-1.327929675579071,-0.8061523493379354,-1.30859375
88,0.023974627256393433,-0.559814453125,-0.22202149033546448,-1.196630835533142,-0.20039062201976776,-1.147021472454071,-0.15878905355930328,-1.140917956829071,-0.4447265639901161,-1.008740246295929,-0.3126464784145355,-1.003369152545929,-0.38261718302965164,-1.089697241783142,-0.6264160163700581,-1.354345679283142,-0.6103515587747097,-1.074169933795929,-0.76513671875,-1.341210961341858,-0.811865234747529,-1.2999511361122131
89,0.02304685115814209,-0.5596680045127869,-0.2216796875,-1.197558581829071,-0.20126952230930328,-1.1456055045127869,-0.161376953125,-1.146630883216858,-0.44526366889476776,-1.005126953125,-0.31416015326976776,-1.0048339366912842,-0.3824218660593033,-1.082812488079071,-0.6265136711299419,-1.3551757335662842,-0.4745117127895355,-0.7839844226837158,-0.7603027283912525,-1.3271484375,-0.8284668000414968,-1.2990235090255737
90,0.022070318460464478,-0.564990222454071,-0.22060546278953552,-1.195556640625,-0.16850586235523224,-1.1389648914337158,-0.16206054389476776,-1.145654320716858,-0.4513183608651161,-1.0071777701377869,-0.3145996034145355,-1.003222644329071,-0.3831543028354645,-1.088085949420929,-0.6296874992549419,-1.3606444597244263,9999.0,9999.0,-0.7638183622621,-1.3381347060203552,-0.8337890561670065,-1.2919921875
91,0.07431641221046448,-0.551562488079071,-0.22148437798023224,-1.1966796517372131,-0.04355466365814209,-1.081787109375,-0.16733399033546448,-1.1505370736122131,-0.45502929389476776,-1.0087890625,-0.3167480528354645,-1.004687488079071,-0.3824707120656967,-1.090576171875,-0.6279785186052322,-1.3551269173622131,9999.0,9999.0,-0.7567382783163339,-1.325146496295929,-0.847314452752471,-1.2941893935203552
92,0.089111328125,-0.529833972454071,-0.22001953423023224,-1.1954589486122131,0.09477540850639343,-1.062451183795929,-0.16464844346046448,-1.139404296875,-0.4593749940395355,-1.013476550579071,-0.3204589933156967,-1.018896460533142,-0.3785644546151161,-1.087158203125,-0.6233886703848839,-1.3474608659744263,9999.0,9999.0,-0.753271478228271,-1.3261229991912842,-0.8577148374170065,-1.2930176258087158
93,0.08837890625,-0.53515625,-0.21762695908546448,-1.192626953125,0.11113283038139343,-1.0289062857627869,-0.16005860269069672,-1.1267578601837158,-0.46464844048023224,-1.017285168170929,-0.312744140625,-1.0016112923622131,-0.37739257514476776,-1.082568347454071,-0.6227539069950581,-1.346337914466858,9999.0,9999.0,-0.7472656220197678,-1.313330054283142,-0.861474609002471,-1.2996093034744263
94,0.093017578125,-0.5333007574081421,-0.21699218451976776,-1.191455066204071,0.09194335341453552,-1.0685058236122131,-0.16127929091453552,-1.132861316204071,-0.46586913615465164,-1.015087902545929,-0.3082031160593033,-0.9866698980331421,-0.38129882514476776,-1.089208960533142,-0.5985839888453484,-1.290185570716858,9999.0,9999.0,-0.7447265656664968,-1.310009777545929,9999.0,9999.0
95,0.09331056475639343,-0.535595715045929,-0.21723632514476776,-1.194482445716858,0.09375,-1.0665526986122131,-0.16132812201976776,-1.13623046875,-0.4669433608651161,-1.0135741829872131,-0.30913086235523224,-0.988476574420929,-0.3824707120656967,-1.0863769054412842,-0.5896972641348839,-1.2620117664337158,-0.48759765923023224,-0.7286132574081421,-0.7457519499585032,-1.3187012076377869,9999.0,9999.0
96,0.09013670682907104,-0.5359375476837158,-0.2158203125,-1.192333996295929,0.09658202528953552,-1.067041039466858,-0.16015625,-1.131982445716858,-0.46831054240465164,-1.007421851158142,-0.31123046576976776,-0.9886230826377869,-0.3819335997104645,-1.089501976966858,-0.5895507782697678,-1.2662109732627869,-0.49189452826976776,-0.7100585699081421,-0.7443359438329935,-1.3184082508087158,9999.0,9999.0
97,0.08974608778953552,-0.5326659679412842,-0.21713867783546448,-1.191650390625,0.09604492783546448,-1.068701148033142,-0.15957030653953552,-1.13330078125,-0.4737304672598839,-1.012158215045929,-0.31318359076976776,-0.990966796875,-0.3807617276906967,-1.087646484375,-0.5893066413700581,-1.2714354991912842,-0.6067871078848839,-1.0322265625,-0.7376464810222387,-1.3006835579872131,9999.0,9999.0
98,0.08510741591453552,-0.531542956829071,-0.21943359076976776,-1.191552758216858,0.09423828125,-1.066748023033142,-0.1572265625,-1.12841796875,-0.47700195759534836,-1.009960949420929,-0.31977538764476776,-1.014599621295929,-0.3782714903354645,-1.0849609375,-0.592041015625,-1.2802246809005737,-0.5907714832574129,-0.989208996295929,-0.7412597686052322,-1.311718761920929,9999.0,9999.0
99,0.08413085341453552,-0.5299316048622131,-0.22065429389476776,-1.1961913704872131,0.094482421875,-1.068212866783142,-0.157470703125,-1.128613293170929,-0.4806152358651161,-1.014697253704071,-0.31391602754592896,-0.9931640625,-0.37495116889476776,-1.073486328125,-0.5977050736546516,-1.290185570716858,-0.6001464799046516,-1.016503930091858,-0.7375976592302322,-1.305712878704071,-0.3548828065395355,-0.4599609375
100,0.08232420682907104,-0.531298816204071,-0.20957030355930328,-1.193603515625,0.10874024033546448,-1.0341796875,-0.15947264432907104,-1.1317870616912842,-0.4852050766348839,-1.009765625,-0.319580078125,-1.0130371451377869,-0.3790039122104645,-1.088232398033142,-0.5978027358651161,-1.2947266101837158,-0.6019531227648258,-1.0185546875,-0.7367675844579935,-1.3027344346046448,-0.34111326932907104,-0.42041015625
101,0.08754882216453552,-0.5091797113418579,-0.21601562201976776,-1.198486328125,0.08920899033546448,-1.071972668170929,-0.1599121242761612,-1.133203148841858,-0.49077148362994194,-1.018212914466858,-0.31938476860523224,-1.011279284954071,-0.37934570759534836,-1.090771496295929,-0.6007812544703484,-1.3002440929412842,-0.6026367172598839,-1.017431616783142,-0.7264160141348839,-1.304003894329071,-0.491845709271729,-0.9764648377895355
102,0.08598634600639343,-0.5066406428813934,-0.21430663764476776,-1.1924805045127869,0.10400390625,-1.036083996295929,-0.15986326336860657,-1.133105456829071,-0.491455078125,-1.012597680091858,-0.293701171875,-0.9364745616912842,-0.3809570223093033,-1.092187523841858,-0.6020507849752903,-1.3093749284744263,-0.6064453125,-1.028271496295929,-0.7208984382450581,-1.2931151986122131,-0.48081054352223873,-0.9877929985523224
103,0.08115231990814209,-0.5364258289337158,-0.21396484971046448,-1.193261742591858,0.08735349774360657,-1.073974609375,-0.15810546278953552,-1.129248023033142,-0.5001953095197678,-1.0287109017372131,-0.27543945610523224,-0.8173828125,-0.3809570372104645,-1.088964819908142,-0.6021484397351742,-1.310546875,-0.6062988266348839,-1.024999976158142,-0.7207031268626451,-1.290332019329071,-0.471923828125,-0.9945800602436066
104,0.03310549259185791,-0.6057617664337158,-0.21484375,-1.195996105670929,0.08652344346046448,-1.07568359375,-0.1582031399011612,-1.128808617591858,-0.5,-1.024169921875,-0.24443359673023224,-0.648144543170929,-0.3800292983651161,-1.088574230670929,-0.6017089821398258,-1.310839831829071,-0.60693359375,-1.0283203125,-0.7192382793873549,-1.2879882454872131,-0.4573242156766355,-1.0024414360523224
105,9999.0,9999.0,-0.21284179389476776,-1.192578136920929,0.10307615995407104,-1.0401855111122131,-0.15878905355930328,-1.1336426138877869,-0.49760742485523224,-1.001611351966858,-0.238037109375,-0.531298816204071,-0.3810058534145355,-1.090624988079071,-0.6005371063947678,-1.3078124523162842,-0.6098144538700581,-1.029443383216858,-0.7201660126447678,-1.2896972298622131,-0.4472656279685907,-1.0055664479732513
106,9999.0,9999.0,-0.21333007514476776,-1.1926758289337158,0.10356444120407104,-1.043652355670929,-0.15693359076976776,-1.1283202767372131,-0.47270508110523224,-0.932666003704071,-0.1923828125,-0.3711913824081421,-0.379638671875,-1.0868163704872131,-0.5969726555049419,-1.305419921875,-0.6168945319950581,-1.0428710579872131,-0.7198730446398258,-1.2850098013877869,-0.4393554627895355,-1.011523425579071
107,9999.0,9999.0,-0.21391601860523224,-1.196679711341858,0.10224610567092896,-1.0440430045127869,-0.16044923663139343,-1.133496105670929,-0.45068359375,-0.89697265625,9999.0,9999.0,-0.376953125,-1.080810546875,-0.5907226577401161,-1.303369164466858,-0.6198242194950581,-1.043994128704071,-0.7172851599752903,-1.273486316204071,-0.4336425722576678,-1.0171386301517487
108,9999.0,9999.0,-0.21352538466453552,-1.192089855670929,0.10239255428314209,-1.0455566048622131,-0.16767577826976776,-1.160009741783142,-0.44365233927965164,-0.8890137076377869,9999.0,9999.0,-0.37724609673023224,-1.0782714486122131,-0.5848144553601742,-1.2968749403953552,-0.6187499985098839,-1.0359863638877869,-0.7221679724752903,-1.2887694835662842,-0.43310546269640326,-1.028857409954071
109,9999.0,9999.0,-0.21342773735523224,-1.193603515625,0.08510741591453552,-1.0771484375,-0.15732422471046448,-1.13232421875,-0.44819336384534836,-0.8992675542831421,9999.0,9999.0,-0.3779296875,-1.0809569954872131,-0.5695312507450581,-1.291113257408142,-0.6202148459851742,-1.032128930091858,-0.7226074226200581,-1.2882812023162842,-0.43251953716389835,-1.0363281667232513
110,0.00927734375,-0.57861328125,-0.21469727158546448,-1.198339819908142,0.084716796875,-1.078173816204071,-0.15659178793430328,-1.128759741783142,-0.44707030802965164,-0.8948730230331421,-0.27080076932907104,-0.3077148199081421,-0.380859375,-1.09033203125,-0.5345703110215254,-1.247509777545929,-0.6417480446398258,-1.0523925423622131,-0.7210449241101742,-1.2897460460662842,-0.4311523467185907,-1.039013683795929
111,0.00019532442092895508,-0.5439453125,-0.21303710341453552,-1.195654273033142,0.10576170682907104,-1.040820300579071,-0.15546876192092896,-1.129638671875,-0.4441894516348839,-0.8904785513877869,-0.29511719942092896,-0.2872070074081421,-0.3797851577401161,-1.081347644329071,-0.44829101860523224,-1.122656226158142,-0.6488769538700581,-1.060302734375,-0.7342285104095936,-1.3179199695587158,-0.4333984435070306,-1.0435058176517487
112,-0.00478518009185791,-0.5524413585662842,-0.21235351264476776,-1.196728527545929,0.09897461533546448,-1.047314465045929,-0.15683594346046448,-1.1327636241912842,-0.44414062052965164,-0.8893066644668579,-0.3277343809604645,-0.29296875,-0.37958984076976776,-1.080273449420929,-0.2786621004343033,-1.001318335533142,-0.6471191421151161,-1.055078148841858,-0.5888671875,-1.00244140625,-0.43623046297580004,-1.047070324420929
113,0.025537103414535522,-0.5248534977436066,-0.21376954019069672,-1.1988281607627869,0.09541016817092896,-1.064453125,-0.15859374403953552,-1.133984386920929,-0.4430175796151161,-0.9151366949081421,-0.39082031697034836,-0.44477537274360657,-0.3800293058156967,-1.078906238079071,-0.16567382216453552,-0.9803223013877869,-0.6461425796151161,-1.049023449420929,9999.0,9999.0,-0.4406250058673322,-1.0504882633686066
114,0.025000005960464478,-0.533251941204071,-0.214599609375,-1.198193371295929,0.09511718153953552,-1.066113293170929,-0.15761718153953552,-1.134374976158142,9999.0,9999.0,-0.38334960490465164,-0.413330078125,-0.37919922173023224,-1.071191430091858,-0.15581053495407104,-0.983447253704071,-0.6456054672598839,-1.0475097298622131,9999.0,9999.0,-0.44873046875,-1.0485351979732513
115,0.0244140625,-0.5389648079872131,-0.214111328125,-1.194091796875,0.09755861759185791,-1.06396484375,-0.16176757216453552,-1.147509753704071,9999.0,9999.0,-0.38212890177965164,-0.4228515625,-0.2930664122104645,-0.8870117664337158,-0.14516602456569672,-0.985156238079071,-0.6481933556497097,-1.05029296875,9999.0,9999.0,-0.4591796901077032,-1.058203101158142
116,0.026123046875,-0.542431652545929,-0.23105469346046448,-1.090429663658142,0.10527342557907104,-1.059423804283142,-0.16093750298023224,-1.145410180091858,9999.0,9999.0,-0.3826660215854645,-0.43095701932907104,9999.0,9999.0,-0.14374999701976776,-0.994189441204071,-0.6482421830296516,-1.048095703125,9999.0,9999.0,-0.20078125596046448,-0.5565429925918579
117,0.025341778993606567,-0.5437988638877869,-0.23818358778953552,-1.12109375,0.10488280653953552,-1.062451183795929,-0.1550292819738388,-1.133007824420929,9999.0,9999.0,-0.38032226264476776,-0.42607423663139343,9999.0,9999.0,-0.1416015774011612,-0.9966796636581421,-0.64990234375,-1.048095703125,9999.0,9999.0,9999.0,9999.0
118,0.025585919618606567,-0.545654296875,9999.0,9999.0,0.10439452528953552,-1.057812511920929,-0.16494140028953552,-1.152441382408142,9999.0,9999.0,-0.3807617202401161,-0.43339845538139343,9999.0,9999.0,-0.14072266221046448,-1.00244140625,-0.64697265625,-1.041455090045929,9999.0,9999.0,9999.0,9999.0
119,0.026806652545928955,-0.547070324420929,9999.0,9999.0,0.11298829317092896,-1.0367675423622131,-0.16367188096046448,-1.152001976966858,9999.0,9999.0,-0.3792968690395355,-0.43461912870407104,9999.0,9999.0,-0.13432615995407104,-0.988525390625,-0.6498535163700581,-1.046728491783142,9999.0,9999.0,9999.0,9999.0
120,0.029931634664535522,-0.5440918207168579,9999.0,9999.0,0.09799805283546448,-1.062841773033142,-0.1645507961511612,-1.150927722454071,9999.0,9999.0,-0.37993163615465164,-0.43378904461860657,9999.0,9999.0,-0.13515624403953552,-1.0037598013877869,-0.649169921875,-1.047412097454071,-0.5986328125,-0.9657226800918579,9999.0,9999.0
121,0.031494140625,-0.5452148914337158,9999.0,9999.0,0.09775391221046448,-1.058886706829071,-0.16201171278953552,-1.149121105670929,9999.0,9999.0,-0.3794921785593033,-0.43671876192092896,9999.0,9999.0,-0.12998045980930328,-1.001660168170929,-0.6498535163700581,-1.044238269329071,-0.6052734367549419,-0.9586913585662842,9999.0,9999.0
122,0.03310546278953552,-0.5470214486122131,9999.0,9999.0,0.09052735567092896,-1.068359375,-0.16416014730930328,-1.1620604991912842,-0.3622070252895355,-1.1208007335662842,-0.3779296875,-0.43764644861221313,-0.24208983778953552,-0.8196289539337158,-0.1203613132238388,-0.9761719107627869,-0.6496093794703484,-1.049462914466858,-0.7417480442672968,-1.3059082627296448,9999.0,9999.0
123,0.03261718153953552,-0.5465331673622131,9999.0,9999.0,0.09433594346046448,-1.065039038658142,-0.15805663168430328,-1.150390625,-0.388427734375,-1.267333984375,-0.3783203065395355,-0.4353027641773224,-0.2796874940395355,-0.8058593273162842,-0.12651367485523224,-1.027197241783142,-0.6470214799046516,-1.04150390625,-0.7435058625414968,-1.313183605670929,9999.0,9999.0
124,0.03339841961860657,-0.546093761920929,9999.0,9999.0,0.09511718153953552,-1.066552758216858,-0.15830078721046448,-1.147802710533142,-0.39057617634534836,-1.275292992591858,-0.37788085639476776,-0.4350586235523224,9999.0,9999.0,9999.0,9999.0,-0.6492675766348839,-1.043994128704071,-0.7435058625414968,-1.319433569908142,-0.4120117127895355,-0.63671875
125,0.03305664658546448,-0.545849621295929,-0.2265625,-1.0866210460662842,0.09536132216453552,-1.05908203125,-0.163818359375,-1.15966796875,-0.393310546875,-1.2872070670127869,-0.3767089769244194,-0.4336913824081421,-0.3678222671151161,-1.047509789466858,9999.0,9999.0,-0.6487792953848839,-1.0437988638877869,-0.7454101592302322,-1.3232910633087158,-0.4219726622104645,-0.6076171398162842
126,0.03159177303314209,-0.5445312559604645,-0.20234376192092896,-1.0260741710662842,0.09658202528953552,-1.066210925579071,-0.15117187798023224,-1.1255859732627869,-0.3934570252895355,-1.290576159954071,-0.3765625059604645,-0.43037107586860657,-0.3682617098093033,-1.047119140625,9999.0,9999.0,-0.6473144516348839,-1.038964867591858,-0.747802734375,-1.3275390267372131,-0.4325195252895355,-0.6166015863418579
127,0.03178712725639343,-0.5466797351837158,-0.22148436307907104,-1.0564453601837158,0.10834959149360657,-1.0394530892372131,-0.16347655653953552,-1.149951159954071,-0.39374999701976776,-1.295312523841858,-0.3766113221645355,-0.4316405951976776,-0.3658691421151161,-1.042529284954071,9999.0,9999.0,-0.6488769501447678,-1.040283203125,-0.7520019472576678,-1.340673804283142,-0.642333984375,-1.226318359375
128,0.033642590045928955,-0.542724609375,-0.22236329317092896,-1.0549805164337158,0.111572265625,-1.0398926138877869,-0.16035154461860657,-1.1478515267372131,-0.393310546875,-1.2980468273162842,-0.3921874985098839,-0.4402831792831421,-0.3687500059604645,-1.057373046875,9999.0,9999.0,-0.6509277336299419,-1.042285144329071,-0.748291015625,-1.3339844346046448,-0.6545898467302322,-1.242382824420929
129,0.03305664658546448,-0.545117199420929,-0.20512695610523224,-1.151025414466858,0.10883790254592896,-1.040234386920929,-0.16215819120407104,-1.151660144329071,-0.39374999701976776,-1.2982909679412842,-0.5147949196398258,-0.4807129204273224,-0.36958008259534836,-1.0596680045127869,9999.0,9999.0,-0.6526855453848839,-1.042871117591858,-0.7485839901492,-1.339501976966858,-0.6704589873552322,-1.264892578125
130,0.044677734375,-0.5433593392372131,-0.21381835639476776,-1.165283203125,0.09013670682907104,-1.055224597454071,-0.15058593451976776,-1.1297851204872131,-0.396240234375,-1.300585925579071,-0.6927246078848839,-0.515332043170929,-0.3657226637005806,-1.049560546875,9999.0,9999.0,-0.6544433608651161,-1.045507788658142,-0.7449218751862645,-1.3285645246505737,-0.6812988221645355,-1.2805175185203552
131,0.04653319716453552,-0.5405761897563934,-0.21430663764476776,-1.167626976966858,0.0908203125,-1.052783191204071,-0.15903320908546448,-1.148681640625,-0.3990234360098839,-1.299414038658142,-0.721435546875,-0.5138183832168579,-0.3684082105755806,-1.061669945716858,9999.0,9999.0,-0.6549804657697678,-1.047070324420929,-0.7473632814362645,-1.337304711341858,-0.6947753876447678,-1.2970214486122131
132,0.046826183795928955,-0.5414550602436066,-0.216064453125,-1.170996069908142,0.09262695908546448,-1.054296851158142,-0.16049803793430328,-1.150976538658142,-0.40278320014476776,-1.302880883216858,-0.7183105461299419,-0.5072753727436066,-0.37041015923023224,-1.06103515625,9999.0,9999.0,-0.6542480438947678,-1.043359398841858,-0.745703118853271,-1.327880859375,-0.7023437470197678,-1.3053710460662842
133,0.044140636920928955,-0.5433105230331421,-0.22016601264476776,-1.1765625476837158,0.09101560711860657,-1.057714819908142,-0.152587890625,-1.130224585533142,-0.40239258110523224,-1.299853503704071,-0.7194335944950581,-0.514404296875,-0.37651367485523224,-1.076904296875,-0.30107420682907104,-0.88720703125,-0.6549316421151161,-1.044873058795929,-0.7451660213992,-1.324365258216858,-0.7135742232203484,-1.318408191204071
134,0.04233399033546448,-0.5424316227436066,-0.22036132216453552,-1.1764647960662842,0.07753905653953552,-1.085644543170929,-0.1611328125,-1.151025414466858,-0.40180663764476776,-1.2984375357627869,-0.7213378939777613,-0.5155761539936066,-0.3724609389901161,-1.065039038658142,-0.3216796815395355,-0.9214843511581421,-0.6552734375,-1.044384777545929,-0.791601562872529,-1.383154273033142,-0.7191894538700581,-1.320703148841858
135,0.04184570908546448,-0.543017566204071,-0.21958006918430328,-1.178369164466858,0.07456055283546448,-1.08837890625,-0.15263672173023224,-1.1288085579872131,-0.40263672173023224,-1.298828125,-0.7205566428601742,-0.512402355670929,-0.3746093735098839,-1.075732409954071,-0.40361328423023224,-1.202490210533142,-0.6563476584851742,-1.046630859375,-0.937255859375,-1.5464844107627869,-0.7232421822845936,-1.321630835533142
136,0.040283203125,-0.54541015625,-0.21728515625,-1.177539050579071,0.07568359375,-1.088085949420929,-0.19770507514476776,-1.1661620736122131,-0.4000488296151161,-1.297216773033142,-0.720117187127471,-0.509960949420929,-0.3709960952401161,-1.0709472298622131,-0.40229492634534836,-1.2001953125,-0.6536132842302322,-1.039013683795929,-1.0535644590854645,-1.701513648033142,-0.8033203156664968,-1.382910132408142
137,0.04116213321685791,-0.5448241829872131,-0.218017578125,-1.178515613079071,0.08554688096046448,-1.066748023033142,-0.30244140326976776,-1.201562523841858,-0.389892578125,-1.290917992591858,-0.7203613258898258,-0.5104492008686066,-0.37202148139476776,-1.074902355670929,-0.3973144516348839,-1.1930175423622131,-0.6551269553601742,-1.040624976158142,-1.0554687529802322,-1.715966820716858,-0.8815429620444775,-1.4391112923622131
138,0.044238269329071045,-0.5459960699081421,-0.21513672173023224,-1.180126965045929,0.08637693524360657,-1.069091796875,-0.3896484449505806,-1.277441382408142,-0.3604980558156967,-1.290429711341858,-0.7190917935222387,-0.5066894292831421,-0.37163086235523224,-1.0730957388877869,-0.39252930134534836,-1.1835449934005737,-0.6514160148799419,-1.035205066204071,-1.0589355379343033,-1.7268065810203552,-0.8819824233651161,-1.4391601085662842
139,0.04780271649360657,-0.539501965045929,-0.21206054091453552,-1.1753906607627869,0.08676758408546448,-1.068505883216858,-0.4002441465854645,-1.300732433795929,-0.32734374701976776,-1.248583972454071,-0.7188476528972387,-0.5077148675918579,-0.371826171875,-1.072412133216858,-0.3880859315395355,-1.176123023033142,-0.6473144553601742,-1.034228503704071,-1.058544933795929,-1.7243164777755737,-0.8887695334851742,-1.4437988996505737
140,0.04794922471046448,-0.5387206971645355,-0.21152342855930328,-1.174902319908142,0.08847656846046448,-1.0673828125,-0.40043945610523224,-1.302197277545929,-0.32670898735523224,-1.249755859375,-0.7193847633898258,-0.50634765625,-0.37202148139476776,-1.073095679283142,-0.3781738206744194,-1.162451148033142,-0.6212402321398258,-1.007910132408142,-1.0599609464406967,-1.728662133216858,-0.8907714821398258,-1.443017601966858
141,0.03466796875,-0.5901367664337158,-0.20673829317092896,-1.1624512076377869,0.09086912870407104,-1.063720703125,-0.400146484375,-1.301513671875,-0.32451172173023224,-1.24755859375,-0.7193359360098839,-0.5065918266773224,-0.3726562485098839,-1.074658215045929,-0.3795410096645355,-1.181249976158142,-0.6517089866101742,-0.9800781011581421,-1.0621093660593033,-1.731298804283142,-0.8916992209851742,-1.441992163658142
142,9999.0,9999.0,9999.0,9999.0,0.08452150225639343,-1.0821289420127869,-0.4004882797598839,-1.298876941204071,-0.3252929598093033,-1.246679663658142,-0.7213867194950581,-0.5091308653354645,-0.3721679672598839,-1.075097680091858,-0.36762695014476776,-1.156884789466858,-0.7354003936052322,-0.9371094107627869,-1.0613769590854645,-1.7285155653953552,-0.8919921889901161,-1.442138671875
143,9999.0,9999.0,9999.0,9999.0,0.09306639432907104,-1.055615246295929,-0.40034180134534836,-1.296777367591858,-0.32490234076976776,-1.244335949420929,-0.7213378883898258,-0.509814441204071,-0.3662109300494194,-1.0508301258087158,-0.3654785230755806,-1.157763659954071,-0.8708007782697678,-0.9515136480331421,-1.063037097454071,-1.7301757335662842,-0.8897949196398258,-1.43798828125
144,9999.0,9999.0,9999.0,9999.0,0.09028321504592896,-1.064111351966858,-0.4010253921151161,-1.299121081829071,-0.32373046875,-1.2392578125,-0.7235839869827032,-0.5135742425918579,-0.3741699159145355,-1.0759766101837158,-0.3668457120656967,-1.1645020246505737,-0.9949218779802322,-0.981738269329071,-1.0638183653354645,-1.732324242591858,-0.8915039077401161,-1.441992163658142
145,9999.0,9999.0,9999.0,9999.0,0.08930662274360657,-1.0630859732627869,-0.40107421576976776,-1.2981445789337158,-0.331298828125,-1.261279284954071,-0.7227539084851742,-0.5093261897563934,-0.3724121078848839,-1.0764648914337158,-0.3744140714406967,-1.178613305091858,-1.0357910245656967,-0.9793456792831421,-1.0643066316843033,-1.732861340045929,-0.8944335952401161,-1.4477538466453552
146,9999.0,9999.0,9999.0,9999.0,0.08134767413139343,-1.085058569908142,-0.40009766072034836,-1.296923816204071,-0.33100585639476776,-1.260449230670929,-0.7232421897351742,-0.5089843571186066,-0.36870117485523224,-1.067333996295929,-0.377197265625,-1.1886230111122131,-1.033203125,-0.9842284917831421,-1.064257800579071,-1.7355469465255737,-0.8967773430049419,-1.4509766101837158
147,9999.0,9999.0,9999.0,9999.0,0.07954102754592896,-1.0823730826377869,-0.3997558653354645,-1.2970214486122131,-0.3289550840854645,-1.258544921875,-0.7241699248552322,-0.513916015625,-0.3712402284145355,-1.079248070716858,-0.37421875447034836,-1.1881836652755737,-1.035839855670929,-0.9912109375,-1.0655761659145355,-1.735107421875,-0.9007812514901161,-1.454638659954071
148,9999.0,9999.0,9999.0,9999.0,0.09506836533546448,-1.0553710460662842,-0.40083007514476776,-1.297119140625,-0.3224121183156967,-1.2387206554412842,-0.7779296860098839,-0.51708984375,-0.37260742485523224,-1.082910180091858,-0.3712402358651161,-1.192431628704071,-1.0362304598093033,-0.992138683795929,-1.0629882961511612,-1.7328124642372131,-0.9031249992549419,-1.459130883216858
149,9999.0,9999.0,9999.0,9999.0,0.08247068524360657,-1.085107445716858,-0.4004882797598839,-1.2969238758087158,-0.321533203125,-1.2347168326377869,-0.7850097641348839,-0.523193359375,-0.3719238191843033,-1.0802245736122131,-0.36860351264476776,-1.193066418170929,-1.037841796875,-1.0,-1.0631347745656967,-1.733789086341858,-0.9021484442055225,-1.455761730670929
150,0.06699216365814209,-0.4969726800918579,9999.0,9999.0,0.08686521649360657,-1.078857421875,-0.40239257365465164,-1.299560546875,-0.32954101264476776,-1.258056640625,-0.7834960930049419,-0.513867199420929,-0.37153320759534836,-1.079931616783142,-0.3600097745656967,-1.1815917491912842,-1.0377441346645355,-1.00048828125,-1.060351550579071,-1.730810523033142,-0.9034179672598839,-1.4561034440994263
151,0.07221677899360657,-0.4804687798023224,-0.24179688096046448,-1.1589844226837158,0.08857420086860657,-1.078271508216858,-0.40283203125,-1.300390601158142,-0.33427733182907104,-1.260986328125,-0.7868164032697678,-0.5146484076976776,-0.37187499552965164,-1.083984375,-0.33369141072034836,-1.109472632408142,-1.03369140625,-0.9876952767372131,-1.0617187470197678,-1.7314452528953552,-0.9025878868997097,-1.455468773841858
152,0.06538087129592896,-0.48359376192092896,-0.13291016221046448,-0.9510742425918579,0.08608397841453552,-1.0833008289337158,-0.4034179747104645,-1.2982909679412842,-0.3331054598093033,-1.253466784954071,-0.786376953125,-0.5145507752895355,-0.37153320759534836,-1.0826172232627869,-0.3104003965854645,-1.076513648033142,-1.037792980670929,-1.003369152545929,-1.0468261688947678,-1.7041503190994263,-0.8984863236546516,-1.452246069908142
153,0.06059572100639343,-0.4961914122104645,-0.18349608778953552,-1.0173828601837158,0.09077149629592896,-1.0791015625,-0.404052734375,-1.3000977039337158,-0.30644531548023224,-1.2145507335662842,-0.7826660163700581,-0.5094726383686066,-0.37255859375,-1.08544921875,-0.30756835639476776,-1.07666015625,-1.0329101532697678,-0.984326183795929,-0.9278320372104645,-1.504687488079071,-0.8954101577401161,-1.4566894173622131
154,0.06035158038139343,-0.5018066763877869,-0.18662109971046448,-1.02197265625,0.091796875,-1.0743651986122131,-0.40581054240465164,-1.301367163658142,-0.24980469048023224,-1.072802722454071,-0.7822753898799419,-0.5121093988418579,-0.37226562201976776,-1.082714855670929,-0.30341797322034836,-1.072314441204071,-1.0329101532697678,-0.9911133050918579,-0.7833007872104645,-1.3340332508087158,-0.8884765580296516,-1.4594237804412842
155,0.06088867783546448,-0.5043945610523224,-0.19355469942092896,-1.039160132408142,0.09150391817092896,-1.0727050304412842,-0.4052734449505806,-1.30126953125,-0.27983398735523224,-0.972363293170929,-0.7826171889901161,-0.512158215045929,-0.372314453125,-1.081738293170929,-0.3031249940395355,-1.076757788658142,-1.0314453095197678,-0.991650402545929,-0.713232422247529,-1.324902355670929,-0.8821289092302322,-1.462988257408142
156,0.06005859375,-0.5066406428813934,-0.17758789658546448,-1.145068347454071,0.087158203125,-1.080322265625,-0.4029785245656967,-1.300390601158142,-0.4043945297598839,-0.991943359375,-0.7830078154802322,-0.5128906071186066,-0.37255859375,-1.0836425423622131,-0.30024413764476776,-1.0733886361122131,-1.0329589694738388,-0.9931640625,-0.7266113311052322,-1.347314476966858,-0.8776855431497097,-1.4679687023162842
157,0.05712890625,-0.5110839605331421,-0.1826171875,-1.15673828125,0.08847656846046448,-1.078369140625,-0.40361328423023224,-1.3001465201377869,-0.45903320610523224,-0.9859862923622131,-0.7818359360098839,-0.512255847454071,-0.3739257901906967,-1.08837890625,-0.2984863370656967,-1.074560523033142,-1.0319824069738388,-0.9976562261581421,-0.7268066387623549,-1.341796875,-0.6491210944950581,-1.0322265625
158,0.055371105670928955,-0.515185534954071,-0.19321288168430328,-1.168896496295929,0.08696287870407104,-1.0794433951377869,-0.4033203125,-1.2981445789337158,-0.46552734076976776,-0.990478515625,-0.7837890647351742,-0.5185546875,-0.37495116889476776,-1.088427722454071,-0.30585937201976776,-1.103417992591858,-1.0328613221645355,-1.0001952648162842,-0.7263183565810323,-1.3441895246505737,-0.5723632797598839,-1.0524413585662842
159,0.0546875,-0.515185534954071,-0.20449218153953552,-1.1714844107627869,0.08793947100639343,-1.079980492591858,-0.4039550721645355,-1.298535168170929,-0.46918945759534836,-0.99462890625,-0.7828613258898258,-0.5093750059604645,-0.37353515625,-1.084765613079071,-0.29316405951976776,-1.079443335533142,-1.02880859375,-0.9866698980331421,-0.7291015638038516,-1.3531737923622131,9999.0,9999.0
160,0.0537109375,-0.5179687440395355,-0.22114257514476776,-1.177539050579071,0.08901369571685791,-1.078173816204071,-0.4061035215854645,-1.299121081829071,-0.47441405802965164,-1.001806616783142,-0.78173828125,-0.5110839605331421,-0.3720703125,-1.084228515625,-0.2923828214406967,-1.0830078125,-1.0300292819738388,-0.9912109375,-0.7248535137623549,-1.3406250476837158,9999.0,9999.0
161,0.053759753704071045,-0.521484375,-0.24692383408546448,-1.1865234375,0.09379881620407104,-1.071972668170929,-0.4051269516348839,-1.293701171875,-0.4762207046151161,-1.004541039466858,-0.7844726592302322,-0.520800769329071,-0.3707519546151161,-1.081494152545929,-0.2896972596645355,-1.080761730670929,-1.0289062410593033,-0.9895508289337158,-0.7282714862376451,-1.346582055091858,9999.0,9999.0
162,0.05332031846046448,-0.521484375,-0.2872070223093033,-1.2159180045127869,0.095947265625,-1.073046863079071,-0.403076171875,-1.289111316204071,-0.47807616740465164,-1.007861316204071,-0.782470703125,-0.5173828303813934,-0.371337890625,-1.077392578125,-0.28422851115465164,-1.0750000476837158,-1.0302734524011612,-1.000683605670929,-0.7273925812914968,-1.340283215045929,9999.0,9999.0
163,0.05190429091453552,-0.5210449397563934,-0.2928711026906967,-1.215869128704071,0.09331053495407104,-1.075292944908142,-0.40214844048023224,-1.287451148033142,-0.479736328125,-1.0093750357627869,-0.7809082008898258,-0.517285168170929,-0.3719238266348839,-1.080810546875,-0.27983398735523224,-1.065478503704071,-1.0153808742761612,-0.98974609375,-0.7283203108236194,-1.3454102277755737,9999.0,9999.0
164,0.029199212789535522,-0.529101550579071,-0.2967285066843033,-1.217724621295929,0.09453123807907104,-1.072216808795929,-0.3932128921151161,-1.2638183236122131,-0.4814453125,-1.0079589486122131,-0.6864746101200581,-0.5665527284145355,-0.37158203125,-1.0859375,-0.27275390177965164,-1.0522949695587158,-0.8828613311052322,-1.001171886920929,-0.7310546888038516,-1.3551269173622131,-0.46796874701976776,-0.8595702648162842
165,0.03305664658546448,-0.525634765625,-0.296630859375,-1.2175781726837158,0.09433591365814209,-1.066064476966858,-0.3369140625,-1.200439453125,-0.48847656697034836,-1.021777331829071,-0.5245605483651161,-0.760498046875,-0.36821289360523224,-1.071874976158142,-0.2684570401906967,-1.043652355670929,-0.7260253936983645,-0.9995605945587158,-0.7252929676324129,-1.3415039777755737,-0.4830078184604645,-0.8327147960662842
166,0.031689465045928955,-0.5273925960063934,-0.29345703125,-1.211767554283142,0.09375,-1.0670409798622131,-0.199951171875,-1.14501953125,-0.4853515625,-1.0140137076377869,-0.4646972641348839,-0.9747558832168579,-0.3721679672598839,-1.0843749642372131,-0.2666015550494194,-1.038378894329071,-0.7057617157697678,-1.018261730670929,-0.7255859356373549,-1.342675805091858,-0.6077636703848839,-1.162695288658142
167,0.029394537210464478,-0.5303710997104645,-0.29316405951976776,-1.210351586341858,0.100341796875,-1.053515613079071,-0.15781250596046448,-1.1222655773162842,-0.47944335639476776,-1.009716808795929,-0.41655272990465164,-1.122900366783142,-0.37324218451976776,-1.078955054283142,-0.26337890326976776,-1.0321288704872131,-0.7111816434189677,-1.0288574695587158,-0.7263671848922968,-1.340087890625,-0.6130859404802322,-1.144580066204071
168,0.02978515625,-0.5294433534145355,-0.2992187440395355,-1.210888683795929,0.10244140028953552,-1.045458972454071,-0.164794921875,-1.129003882408142,-0.47319336235523224,-1.0068359375,-0.41279296576976776,-1.158837914466858,-0.37617187947034836,-1.086962878704071,-0.26176758110523224,-1.031005859375,-0.7023925799876451,-1.002343773841858,-0.7258789045736194,-1.3391602039337158,-0.6137207075953484,-1.122363269329071
169,0.029101580381393433,-0.527880847454071,-0.3060546815395355,-1.213037133216858,0.10488280653953552,-1.04638671875,-0.16923828423023224,-1.1324706673622131,-0.4679199233651161,-1.0084960460662842,-0.41679687052965164,-1.1630859375,-0.37553711235523224,-1.087109386920929,-0.2583984434604645,-1.025195300579071,-0.7100585950538516,-1.030371069908142,-0.7194335963577032,-1.315966784954071,-0.620849609375,-1.103808581829071
170,0.029687494039535522,-0.5272949039936066,-0.31123046576976776,-1.211523413658142,0.09897461533546448,-1.0550293326377869,-0.17460936307907104,-1.143847644329071,-0.4659667983651161,-1.004687488079071,-0.4178222715854645,-1.162988305091858,-0.3739257827401161,-1.0862793326377869,-0.260009765625,-1.028564453125,-0.7116699200123549,-1.037011742591858,-0.7149414084851742,-1.3232421875,-0.6288085952401161,-1.08837890625
171,0.027685552835464478,-0.5433593988418579,-0.322509765625,-1.2154784798622131,0.09169921278953552,-1.078662097454071,-0.17641600966453552,-1.146386742591858,-0.469482421875,-1.007031261920929,-0.41679687052965164,-1.163525402545929,-0.37519531697034836,-1.090429663658142,-0.26289062201976776,-1.03515625,-0.7139648408629,-1.042724609375,-0.7115722689777613,-1.3105957508087158,-0.631591796875,-1.053759753704071
172,0.02880859375,-0.531689465045929,-0.3280273526906967,-1.216601550579071,0.09414061903953552,-1.07470703125,-0.17006836831569672,-1.1333984732627869,-0.47236327826976776,-1.00537109375,-0.4166503921151161,-1.161914050579071,-0.3736816495656967,-1.088232398033142,-0.2630371153354645,-1.036474585533142,-0.7117187501862645,-1.0403808951377869,-0.712744140997529,-1.313085913658142,-0.6379882805049419,-1.021435558795929
173,0.029394537210464478,-0.5308105647563934,-0.33100585639476776,-1.220703125,0.106201171875,-1.047021508216858,-0.17182616889476776,-1.143505871295929,-0.48247069865465164,-0.9927734732627869,-0.41718750447034836,-1.164892554283142,-0.3721679672598839,-1.081835925579071,-0.261962890625,-1.039257824420929,-0.7145507796667516,-1.045458972454071,-0.7128417976200581,-1.3129394054412842,-0.6382812522351742,-0.980664074420929
174,0.028222650289535522,-0.5312011539936066,-0.3351074308156967,-1.223583996295929,0.10610350966453552,-1.041845679283142,-0.17280274629592896,-1.146484375,-0.48881836235523224,-0.988037109375,-0.4200683608651161,-1.166210949420929,-0.37358398735523224,-1.090087890625,-0.26044921576976776,-1.032519519329071,-0.665136719122529,-1.0405762195587158,-0.7105957046151161,-1.3116211295127869,-0.6379882805049419,-0.915234386920929
175,0.026318371295928955,-0.550244152545929,-0.337890625,-1.226269543170929,0.11503905057907104,-1.021679699420929,-0.17031250894069672,-1.137158215045929,-0.4878906235098839,-0.9874023199081421,-0.42041015625,-1.166601538658142,-0.3721679672598839,-1.084228515625,-0.13466796278953552,-0.6226562261581421,-0.6568847671151161,-1.06494140625,-0.7111328132450581,-1.3104491829872131,-0.6375488266348839,-0.8534179329872131
176,0.024511724710464478,-0.5487304329872131,-0.3418945372104645,-1.229638695716858,0.11298829317092896,-0.9680664539337158,-0.17373046278953552,-1.147558569908142,-0.4908691421151161,-0.98974609375,-0.4227539077401161,-1.169384777545929,-0.3760742247104645,-1.090624988079071,-0.142578125,-0.6872069835662842,-0.6473144516348839,-1.028955101966858,-0.7120605502277613,-1.3112793564796448,-0.6351562477648258,-0.784472644329071
177,0.026708990335464478,-0.5307617485523224,-0.3428710997104645,-1.232373058795929,9999.0,9999.0,-0.177490234375,-1.151904284954071,-0.49028320610523224,-0.9861816167831421,-0.421875,-1.167773425579071,-0.37773437798023224,-1.091601550579071,9999.0,9999.0,-0.6589355431497097,-1.0652344226837158,-0.7100585922598839,-1.3080567121505737,-0.6324218735098839,-0.7177734076976776
178,0.022070318460464478,-0.5500977039337158,-0.3426757901906967,-1.231103539466858,9999.0,9999.0,-0.17695312201976776,-1.1500976085662842,-0.48920898139476776,-0.9822753667831421,-0.42280273884534836,-1.168652355670929,-0.375244140625,-1.086669921875,9999.0,9999.0,-0.6590820327401161,-1.064355492591858,-0.7144042942672968,-1.316210925579071,-0.6279785186052322,-0.6522460579872131
179,0.02114260196685791,-0.5491211414337158,-0.3440918028354645,-1.232226550579071,9999.0,9999.0,-0.177490234375,-1.150048851966858,-0.494384765625,-0.9842773675918579,-0.4214843735098839,-1.16796875,-0.37260741740465164,-1.085839867591858,9999.0,9999.0,-0.6602050811052322,-1.067578136920929,-0.712500000372529,-1.3171875476837158,-0.6242187470197678,-0.5894531011581421
180,0.022021502256393433,-0.5450683236122131,-0.34130859375,-1.233593761920929,9999.0,9999.0,-0.17319336533546448,-1.132031261920929,-0.49248046800494194,-0.9759765863418579,-0.4207519516348839,-1.1666015982627869,-0.3719726651906967,-1.081933617591858,9999.0,9999.0,-0.6583496108651161,-1.066064476966858,-0.711669921875,-1.3158202767372131,-0.6190429665148258,-0.5191894769668579
181,0.027587890625,-0.527050793170929,-0.33964844048023224,-1.232470691204071,9999.0,9999.0,-0.17426757514476776,-1.140722632408142,-0.45048828423023224,-0.8542969226837158,-0.421142578125,-1.1707519888877869,-0.3717285171151161,-1.0843262076377869,9999.0,9999.0,-0.6497558578848839,-1.0437988638877869,-0.7041503917425871,-1.3021973371505737,-0.6171875,-0.48222658038139343
182,0.029394537210464478,-0.5400390625,-0.3360351473093033,-1.228320300579071,9999.0,9999.0,9999.0,9999.0,9999.0,9999.0,-0.4175781235098839,-1.167431652545929,-0.3724121153354645,-1.0833984017372131,9999.0,9999.0,-0.6538574248552322,-1.063378930091858,-0.6988769546151161,-1.294384777545929,-0.6146972663700581,-0.44936519861221313
183,0.030908197164535522,-0.5389648675918579,-0.33642578125,-1.227148413658142,9999.0,9999.0,9999.0,9999.0,9999.0,9999.0,-0.40605469048023224,-1.155029296875,-0.37163086235523224,-1.082275390625,-0.1982421875,-0.7316405773162842,-0.6492187455296516,-1.054638683795929,-0.7021972630172968,-1.3063476085662842,-0.6125976555049419,-0.4122558832168579
184,0.03544923663139343,-0.5224609375,-0.33500976860523224,-1.2228515148162842,9999.0,9999.0,9999.0,9999.0,9999.0,9999.0,-0.33930663764476776,-1.040869116783142,-0.3744140565395355,-1.089453101158142,-0.18027344346046448,-0.6588866710662842,-0.6494140662252903,-1.053564429283142,-0.7001953106373549,-1.301171898841858,-0.6123535148799419,-0.3802246153354645
185,0.037353515625,-0.522998034954071,-0.3349609375,-1.221533179283142,9999.0,9999.0,9999.0,9999.0,9999.0,9999.0,-0.3184570372104645,-1.0258300304412842,-0.3749023452401161,-1.089746117591858,-0.3084472715854645,-1.087353527545929,-0.6437011733651161,-1.034326195716858,-0.6967773474752903,-1.2971190810203552,-0.6140624992549419,-0.3519531488418579
186,0.14326170086860657,-0.5379883050918579,-0.344482421875,-1.2208008170127869,-0.21875,-1.048730492591858,9999.0,9999.0,9999.0,9999.0,-0.32099609076976776,-1.029492199420929,-0.37480469048023224,-1.090624988079071,-0.3085937574505806,-1.070605456829071,-0.6522949188947678,-1.063134789466858,-0.6985839866101742,-1.2990233898162842,-0.6116210930049419,-0.33012694120407104
187,0.2880859375,-0.5448242425918579,-0.339599609375,-1.216503918170929,-0.14912110567092896,-0.9684569835662842,9999.0,9999.0,9999.0,9999.0,-0.32275390625,-1.0315918326377869,-0.3719238266348839,-1.0860839486122131,-0.3143066391348839,-1.082910180091858,-0.6424804665148258,-1.029052734375,-0.6964843720197678,-1.2924315929412842,9999.0,9999.0
188,0.281982421875,-0.5517089366912842,-0.337890625,-1.215380847454071,-0.18271484971046448,-1.056542992591858,9999.0,9999.0,-0.4029296934604645,-0.7966797351837158,-0.322021484375,-1.03369140625,-0.3707519546151161,-1.081005871295929,-0.32304687798023224,-1.115234375,-0.6478515602648258,-1.05419921875,-0.6977539099752903,-1.2936522960662842,9999.0,9999.0
189,0.2774902284145355,-0.5583007335662842,-0.3349609375,-1.2115234732627869,-0.18808594346046448,-1.0583007335662842,9999.0,9999.0,-0.42041015625,-0.8254883289337158,-0.32133789360523224,-1.0338866710662842,-0.371826171875,-1.088769555091858,-0.32514648884534836,-1.131103515625,-0.6483398452401161,-1.0591309070587158,-0.6956054717302322,-1.278076171875,9999.0,9999.0
190,0.27851563692092896,-0.5592284798622131,-0.33198241889476776,-1.2075684070587158,-0.15073241293430328,-1.1143555045127869,9999.0,9999.0,-0.4654785171151161,-0.9840332269668579,-0.32133789360523224,-1.036328136920929,-0.3709960952401161,-1.085644543170929,-0.3282714858651161,-1.146289050579071,-0.6456542983651161,-1.0573241710662842,-0.5418945327401161,-0.9300781488418579,9999.0,9999.0
191,0.2779296934604645,-0.5576171875,-0.3243652284145355,-1.2056152820587158,-0.16118164360523224,-1.1337890625,9999.0,9999.0,-0.4610351547598839,-0.9652343392372131,-0.3228515684604645,-1.038476586341858,-0.3709472641348839,-1.084130883216858,-0.3355956971645355,-1.164892554283142,-0.6473144516348839,-1.0630371570587158,9999.0,9999.0,9999.0,9999.0
192,0.27714842557907104,-0.558056652545929,-0.31840820610523224,-1.2012207508087158,-0.16162109375,-1.1322753429412842,-0.2616210877895355,-1.194726586341858,-0.4637207016348839,-0.9689452648162842,-0.324462890625,-1.0442871451377869,-0.3734375014901161,-1.089453101158142,-0.3453613296151161,-1.189892590045929,-0.6479980498552322,-1.0615234375,9999.0,9999.0,9999.0,9999.0
193,0.2752929627895355,-0.55859375,-0.31499022245407104,-1.1991210579872131,-0.16157227754592896,-1.131494164466858,-0.15361326932907104,-0.9875977039337158,-0.4659179672598839,-0.9781738519668579,-0.3245605528354645,-1.045654296875,-0.3720703125,-1.0859375,-0.3536621183156967,-1.207421898841858,-0.6466796882450581,-1.05859375,9999.0,9999.0,9999.0,9999.0
194,0.2793945372104645,-0.5442382991313934,-0.313232421875,-1.199462890625,-0.15864256024360657,-1.129052758216858,-0.19921875,-1.0388672351837158,-0.46586914360523224,-0.9811522960662842,-0.32270507514476776,-1.0443359017372131,-0.3705078214406967,-1.08203125,-0.3664550855755806,-1.239843726158142,-0.6470214873552322,-1.0599121451377869,9999.0,9999.0,-0.5329101532697678,-0.14335936307907104
195,0.2750488221645355,-0.5458007454872131,-0.3138671815395355,-1.201367199420929,-0.15053710341453552,-1.1090331673622131,-0.20664063096046448,-1.057226538658142,-0.46538086235523224,-0.9805663824081421,-0.32587890326976776,-1.047753930091858,-0.3721679598093033,-1.08740234375,-0.38164062052965164,-1.2711914777755737,-0.6491210907697678,-1.064257800579071,9999.0,9999.0,-0.605810547247529,-0.3600097596645355
196,0.2723144590854645,-0.562207043170929,-0.31621094048023224,-1.2022948861122131,-0.150146484375,-1.1092285513877869,-0.16640625894069672,-1.105859398841858,-0.4664062485098839,-0.987060546875,-0.3326171785593033,-1.069580078125,-0.3719726502895355,-1.084228515625,-0.3965820297598839,-1.302832007408142,-0.6492187492549419,-1.064599633216858,9999.0,9999.0,-0.625244140625,-0.4127441644668579
197,0.2802734375,-0.538525402545929,-0.31840820610523224,-1.206005871295929,-0.159912109375,-1.136035144329071,-0.16665039956569672,-1.1031737923622131,-0.468017578125,-0.9876464605331421,-0.33222655951976776,-1.068359375,-0.372314453125,-1.088476538658142,-0.4073730483651161,-1.321240246295929,-0.6482910141348839,-1.0631347298622131,9999.0,9999.0,-0.6415527351200581,-0.49335938692092896
198,0.2665039002895355,-0.555419921875,-0.31743164360523224,-1.205419898033142,-0.15244141221046448,-1.1124999523162842,-0.16889648139476776,-1.111914038658142,-0.4700683578848839,-0.98974609375,-0.327880859375,-1.059179663658142,-0.3720703050494194,-1.087353527545929,-0.42363281175494194,-1.352685570716858,-0.6469726599752903,-1.0607421398162842,-0.5187499970197678,-0.8994140625,-0.6573242172598839,-0.5750488638877869
199,0.17548829317092896,-0.5450683236122131,-0.3143554627895355,-1.200976550579071,-0.15727539360523224,-1.127490222454071,-0.16904295980930328,-1.1122069954872131,-0.46923828125,-0.9864746332168579,-0.3427734375,-1.0240722298622131,-0.37421874701976776,-1.090039074420929,-0.4371093809604645,-1.3658203482627869,-0.6466308571398258,-1.061230480670929,-0.55810546875,-0.8741210699081421,-0.6644042991101742,-0.6285644471645355
200,0.05029296875,-0.5294433832168579,-0.3125,-1.199462890625,-0.15815429389476776,-1.127587914466858,-0.16738280653953552,-1.112402319908142,-0.4683593735098839,-0.986376941204071,-0.3937011659145355,-0.94970703125,-0.3727050796151161,-1.087499976158142,-0.4544921815395355,-1.3938965201377869,-0.6481445319950581,-1.061767578125,-0.6911132838577032,-1.223046898841858,-0.6656249985098839,-0.6641601920127869
201,0.033447265625,-0.53466796875,-0.311767578125,-1.2022948861122131,-0.15927733480930328,-1.128857433795929,-0.17514647543430328,-1.140039086341858,-0.4887695349752903,-0.981201171875,-0.4991699233651161,-0.920214831829071,-0.3714355453848839,-1.083251953125,-0.47026367112994194,-1.421728491783142,-0.6471191383898258,-1.061621069908142,-0.6904785186052322,-1.228271484375,-0.6681152321398258,-0.7225098013877869
202,0.033251941204071045,-0.5389160513877869,-0.2840820401906967,-1.163037121295929,-0.16103516519069672,-1.1319823861122131,-0.17104491591453552,-1.1219238638877869,-0.50830078125,-0.983935534954071,-0.5483398456126451,-0.913769543170929,-0.3724609389901161,-1.083837866783142,-0.4869628883898258,-1.449267566204071,-0.6464355438947678,-1.058496117591858,-0.6946289036422968,-1.2363768815994263,-0.6755859367549419,-0.7949707508087158
203,0.03183591365814209,-0.5396484136581421,-0.22197265923023224,-1.0374023914337158,-0.1591797024011612,-1.122900366783142,-0.16816405951976776,-1.116406261920929,-0.5105957053601742,-0.986572265625,-0.5477050766348839,-0.917285144329071,-0.3740234375,-1.085839867591858,-0.5004882775247097,-1.4719725847244263,-0.6457519493997097,-1.050634741783142,-0.6991699226200581,-1.2463866472244263,-0.6740722693502903,-0.8226562142372131
204,0.03378906846046448,-0.5361328125,-0.16176757216453552,-0.945117175579071,-0.16225585341453552,-1.129296898841858,-0.169189453125,-1.1205077767372131,-0.51513671875,-0.985058605670929,-0.5533691421151161,-0.93359375,-0.37456054985523224,-1.085742175579071,-0.5072265602648258,-1.4794433116912842,-0.6592773422598839,-1.111328125,-0.6987792998552322,-1.2461426258087158,-0.6771972663700581,-0.8553711175918579
205,0.031982421875,-0.5382324457168579,-0.16591797769069672,-0.9708007574081421,-0.1611328125,-1.126904308795929,-0.16884765028953552,-1.1185546517372131,-0.5212890580296516,-0.98681640625,-0.5540039073675871,-0.935253918170929,-0.3749023377895355,-1.086669921875,-0.5349121075123549,-1.501806616783142,9999.0,9999.0,-0.6960937492549419,-1.2456055283546448,-0.6824218742549419,-0.895458996295929
206,0.031494140625,-0.540087878704071,-0.161865234375,-0.9545409679412842,-0.16230468451976776,-1.130126953125,-0.168212890625,-1.117138683795929,-0.5267089866101742,-0.9957519173622131,-0.554589843377471,-0.934863269329071,-0.37456054985523224,-1.083056628704071,-0.5489257811568677,-1.527001976966858,9999.0,9999.0,-0.6939941421151161,-1.245214819908142,-0.6881835926324129,-0.916943371295929
207,0.03452149033546448,-0.5389648079872131,-0.15937499701976776,-0.951953113079071,-0.15830077230930328,-1.129785180091858,-0.17133788764476776,-1.1229979991912842,-0.5321777351200581,-0.998828113079071,-0.5539550799876451,-0.9338867664337158,-0.3736816346645355,-1.080419898033142,-0.5503417968284339,-1.534570336341858,9999.0,9999.0,-0.6939453110098839,-1.243261694908142,-0.6929199229925871,-0.945507824420929
208,0.03452146053314209,-0.5380859375,-0.164794921875,-0.9717773199081421,-0.15639649331569672,-1.129687488079071,-0.17158202826976776,-1.122412085533142,-0.5338378883898258,-1.001416027545929,-0.5531250014901161,-0.934326171875,-0.3683105483651161,-1.0638183951377869,-0.5520996063714847,-1.540234386920929,9999.0,9999.0,-0.6918457038700581,-1.245458960533142,-0.701513672247529,-0.982421875
209,0.03310546278953552,-0.5390625,-0.16347657144069672,-0.97314453125,-0.15512695908546448,-1.130517601966858,-0.17348633706569672,-1.124902367591858,-0.53271484375,-1.004248023033142,-0.5514160171151161,-0.9300781488418579,-0.23408204317092896,-0.7536132335662842,-0.5557617187732831,-1.5556640625,9999.0,9999.0,-0.6913574226200581,-1.2448242902755737,-0.7006835965439677,-1.000292956829071
210,0.029638677835464478,-0.54345703125,-0.16147460043430328,-0.973095715045929,-0.15800781548023224,-1.1366698741912842,-0.17446289956569672,-1.125244140625,-0.5341796875,-1.006396472454071,-0.555419921875,-0.937744140625,9999.0,9999.0,-0.5542968719964847,-1.5607910752296448,9999.0,9999.0,-0.6960449237376451,-1.2568846940994263,-0.7029296904802322,-1.027001976966858
211,0.03569337725639343,-0.519091784954071,-0.15581054985523224,-0.952929675579071,-0.16118164360523224,-1.138427734375,-0.15483397245407104,-1.0977051258087158,-0.5355957038700581,-1.007910132408142,-0.5544433612376451,-0.936328113079071,9999.0,9999.0,-0.54931640625,-1.557080090045929,-0.4476562440395355,-0.7696288824081421,-0.6729003936052322,-1.2495605945587158,-0.7023437470197678,-1.0618652701377869
212,0.029931634664535522,-0.53857421875,-0.15571290254592896,-0.9525390267372131,-0.16708983480930328,-1.154296875,-0.14960938692092896,-1.094287097454071,-0.536962890997529,-1.005761742591858,-0.5545410141348839,-0.937255859375,9999.0,9999.0,-0.5500976562034339,-1.561865210533142,-0.4925781190395355,-0.7580077648162842,-0.6717285141348839,-1.275634765625,-0.7043457049876451,-1.101318359375
213,0.03139650821685791,-0.541796863079071,-0.163818359375,-0.9732909798622131,-0.16669923067092896,-1.153710961341858,-0.15361329913139343,-1.101025402545929,-0.5394531264901161,-1.003076195716858,-0.5520507805049419,-0.9329589605331421,9999.0,9999.0,-0.5477539063431323,-1.555322289466858,-0.6158203147351742,-1.0621094107627869,-0.6709472686052322,-1.272216796875,-0.6981933563947678,-1.1175293326377869
214,0.031298816204071045,-0.545166015625,-0.15751953423023224,-0.9473632574081421,-0.16582031548023224,-1.154541015625,-0.16230469942092896,-1.105810523033142,-0.542578125372529,-1.0096679329872131,-0.5555664077401161,-0.9395020008087158,9999.0,9999.0,-0.5475585937965661,-1.553320288658142,-0.50341796875,-0.7440429925918579,-0.6699707023799419,-1.273046851158142,-0.6957519538700581,-1.152685523033142
215,0.035595715045928955,-0.519726574420929,-0.15922851860523224,-0.9407715201377869,-0.13334959745407104,-1.104736328125,-0.16733399033546448,-1.108837902545929,-0.5428222641348839,-1.00537109375,-0.5519531238824129,-0.933837890625,9999.0,9999.0,-0.5457031249534339,-1.54736328125,-0.6034667938947678,-1.015380859375,-0.6712402366101742,-1.2764159440994263,-0.6939453147351742,-1.1866698861122131
216,0.03359374403953552,-0.5419921875,-0.19589844346046448,-0.8841797113418579,-0.037109375,-0.9678223133087158,-0.17192383110523224,-1.109130859375,-0.5412109382450581,-1.002636730670929,-0.552734375,-0.933349609375,9999.0,9999.0,-0.5443847640417516,-1.541357398033142,-0.6107421889901161,-1.0352539420127869,-0.6706054657697678,-1.2746582627296448,-0.6900878939777613,-1.225976586341858
217,0.015039056539535522,-0.5437988042831421,9999.0,9999.0,0.015185564756393433,-0.8746581673622131,-0.17573241889476776,-1.111376941204071,-0.5436523426324129,-1.006103515625,-0.550146484747529,-0.934130847454071,9999.0,9999.0,-0.5451171873137355,-1.5401855111122131,-0.6119628921151161,-1.040869116783142,-0.6709960922598839,-1.275341808795929,-0.6936035193502903,-1.269189476966858
218,0.01416015625,-0.5515625476837158,9999.0,9999.0,0.015429675579071045,-0.871826171875,-0.18071289360523224,-1.11962890625,-0.540673827752471,-1.0010742545127869,-0.549658203497529,-0.933837890625,9999.0,9999.0,-0.5420898422598839,-1.5339844226837158,-0.612060546875,-1.045703113079071,-0.6721679717302322,-1.2766602039337158,-0.69189453125,-1.2985352277755737
219,0.015380859375,-0.5428222417831421,9999.0,9999.0,0.013330072164535522,-0.879638671875,-0.18193359673023224,-1.120947241783142,-0.5433593764901161,-1.007861316204071,-0.550537109375,-0.93408203125,-0.18955078721046448,-0.7734375,-0.5387207046151161,-1.526757836341858,-0.613037109375,-1.044384777545929,-0.6716796830296516,-1.2749511003494263,-0.6894531231373549,-1.3118652701377869
220,0.013427734375,-0.5452636480331421,9999.0,9999.0,0.016162097454071045,-0.876953125,-0.18427734076976776,-1.125537097454071,-0.5422363262623549,-1.004638671875,-0.5498046856373549,-0.929931640625,-0.24990233778953552,-0.7738281488418579,-0.5385253936983645,-1.52490234375,-0.6131835915148258,-1.0450195670127869,-0.6731933616101742,-1.276611328125,-0.6784667950123549,-1.290185570716858
221,0.009375005960464478,-0.5496094226837158,-1.112011730670929,-2.216015577316284,0.01357424259185791,-0.882763683795929,-0.18642579019069672,-1.130566418170929,-0.5437988266348839,-1.008251965045929,-0.5498535167425871,-0.930419921875,-0.27177733182907104,-0.7987304925918579,-0.5355468736961484,-1.529980480670929,-0.6131835952401161,-1.0443359017372131,-0.6717285141348839,-1.277880847454071,-0.6805664040148258,-1.3030272722244263
222,0.008203119039535522,-0.5345215201377869,9999.0,9999.0,0.014550775289535522,-0.872265636920929,-0.18852539360523224,-1.133984386920929,-0.542236328125,-1.004687488079071,-0.5513671860098839,-0.9315429329872131,-0.35771484673023224,-1.055371105670929,-0.5346191423013806,-1.5261718034744263,-0.6158203110098839,-1.049365222454071,-0.6696289032697678,-1.275390625,-0.7854980416595936,-1.3945311903953552
223,-0.01318359375,-0.5785156488418579,-1.12353515625,-2.3497071266174316,0.015234380960464478,-0.875439465045929,-0.19682617485523224,-1.157666027545929,-0.53955078125,-1.002050757408142,-0.5717285154387355,-0.9312988519668579,-0.32856445014476776,-0.9749511480331421,-0.5320312483236194,-1.5248046517372131,-0.6168457008898258,-1.051416039466858,-0.6663085930049419,-1.2688965201377869,-0.9047363251447678,-1.5126953125
224,9999.0,9999.0,-1.126855492591858,-2.399609327316284,0.013281255960464478,-0.8828125,-0.278076171875,-1.1943359375,-0.5387695319950581,-1.0047363638877869,-0.5668945303186774,-0.9149414300918579,-0.34223632514476776,-1.016992211341858,-0.5296386685222387,-1.517675757408142,-0.6136230491101742,-1.0374999642372131,-0.6641113236546516,-1.263037085533142,-0.904541015625,-1.5219237804412842
225,9999.0,9999.0,9999.0,9999.0,0.0185546875,-0.875292956829071,-0.41743164509534836,-1.2899413704872131,-0.5380371082574129,-1.004980444908142,-0.5648437505587935,-0.916796863079071,-0.33906249701976776,-1.0076172351837158,-0.5286621078848839,-1.5185058116912842,-0.6168945319950581,-1.049121081829071,-0.6657714881002903,-1.2695801258087158,-0.9078125059604645,-1.532421886920929
226,9999.0,9999.0,9999.0,9999.0,0.014550775289535522,-0.8852050304412842,-0.4439453184604645,-1.3095703125,-0.5357421897351742,-1.0019042491912842,-0.5644042976200581,-0.913525402545929,-0.338134765625,-0.997753918170929,-0.5293457042425871,-1.51708984375,-0.6173339821398258,-1.0494628548622131,-0.6651855446398258,-1.267578125,-0.9083984419703484,-1.536035180091858
227,9999.0,9999.0,-1.117968738079071,-2.424609422683716,0.015625,-0.883251965045929,-0.4480957016348839,-1.315185546875,-0.5354492180049419,-1.004980444908142,-0.5631835926324129,-0.914111316204071,-0.34516601264476776,-1.017529308795929,-0.5280273407697678,-1.5193848013877869,-0.6138671860098839,-1.036035180091858,-0.6637207046151161,-1.267626941204071,-0.9094726592302322,-1.538769543170929
228,9999.0,9999.0,0.720898449420929,0.6239745616912842,0.019238293170928955,-0.8790526986122131,-0.44819335639476776,-1.313037097454071,-0.53369140625,-1.005273461341858,-0.5603515617549419,-0.9144530892372131,-0.3448242247104645,-1.0192382335662842,-0.5240234360098839,-1.5132812857627869,-0.6181152351200581,-1.050927758216858,-0.6671386696398258,-1.273584008216858,-0.9092285186052322,-1.538915991783142
229,-0.02207028865814209,-0.5604492425918579,-1.117968738079071,-2.434277296066284,0.021484375,-0.8746582269668579,-0.44794921576976776,-1.315234363079071,-0.532470703125,-1.009863257408142,-0.5616210922598839,-0.913769543170929,-0.3453613296151161,-1.021826148033142,-0.5204589869827032,-1.5078125,-0.6206542998552322,-1.051562488079071,-0.6671386696398258,-1.273193359375,-0.9051757901906967,-1.5318847298622131
230,0.002636730670928955,-0.4842773675918579,9999.0,9999.0,0.020263671875,-0.878662109375,-0.4486328065395355,-1.314794898033142,-0.5294921845197678,-1.002246081829071,-0.5616699233651161,-0.91015625,-0.3450683653354645,-1.023876965045929,-0.5139648467302322,-1.4981445670127869,-0.6349609382450581,-1.0322265625,-0.6679199188947678,-1.278662085533142,-0.9080078154802322,-1.534130871295929
231,0.01669919490814209,-0.4825195372104645,-1.115917980670929,-2.43017578125,0.021044909954071045,-0.880078136920929,-0.44819335639476776,-1.315576195716858,-0.53125,-1.00390625,-0.563378905877471,-0.9137207269668579,-0.340576171875,-1.0068359375,-0.5089843720197678,-1.489208996295929,-0.6340820305049419,-1.0323242545127869,-0.6650878936052322,-1.276562511920929,-0.9075683578848839,-1.534814476966858
232,0.010302752256393433,-0.49140623211860657,-1.1195312440395355,-2.4443359375,0.022412091493606567,-0.8790039420127869,-0.44414062798023224,-1.311328113079071,-0.532470703125,-1.0071777701377869,-0.5670898426324129,-0.9317870736122131,-0.3433593735098839,-1.024365246295929,-0.5024902336299419,-1.480224609375,-0.6352050788700581,-1.0326171517372131,-0.6627441421151161,-1.275341808795929,-0.9091796875,-1.5358399152755737
233,0.010107427835464478,-0.4981445074081421,-1.123339831829071,-2.457812547683716,0.021728515625,-0.8792968392372131,-0.4427246153354645,-1.310498058795929,-0.5338378921151161,-1.0083984732627869,-0.5684082042425871,-0.9341796636581421,-0.3391113206744194,-1.013134777545929,-0.49565429985523224,-1.4701659679412842,-0.63671875,-1.036962866783142,-0.661865234375,-1.2768555283546448,-0.9097167998552322,-1.5362305045127869
234,0.008593738079071045,-0.5059570372104645,-1.0854003876447678,-2.483984351158142,0.022412121295928955,-0.8819824457168579,-0.4410644471645355,-1.310546875,-0.53857421875,-1.015820324420929,-0.5670898444950581,-0.9347168207168579,-0.34477539360523224,-1.0328125357627869,-0.4859374985098839,-1.4576172232627869,-0.6376953125,-1.038818359375,-0.6651367209851742,-1.277783215045929,-0.9109374955296516,-1.5369629263877869
235,0.00893557071685791,-0.5108886361122131,-1.0911621004343033,-2.490527391433716,0.023974627256393433,-0.880419909954071,-0.4366699233651161,-1.305810570716858,-0.5377441421151161,-1.015332043170929,-0.5687011703848839,-0.9371582269668579,-0.3458007797598839,-1.0367187857627869,-0.4780273400247097,-1.44677734375,-0.6376464851200581,-1.041845679283142,-0.6676757857203484,-1.2777831554412842,-0.9077636748552322,-1.531835913658142
236,0.008398443460464478,-0.5118652582168579,-1.0884765535593033,-2.485449194908142,0.0234375,-0.8809570074081421,-0.4356933608651161,-1.3058593273162842,-0.5584960952401161,-0.9825195074081421,-0.5691894516348839,-0.939746081829071,-0.3451171964406967,-1.0360351204872131,-0.4622558616101742,-1.421728491783142,-0.6366699188947678,-1.0406250357627869,-0.6708984375,-1.282617211341858,-0.9074218720197678,-1.5296874642372131
237,0.009814441204071045,-0.5171874761581421,-1.0880859345197678,-2.4845703840255737,0.022070318460464478,-0.8805176019668579,-0.43647460639476776,-1.3074219226837158,-0.6013671872206032,-0.91748046875,-0.5686523430049419,-0.9388672113418579,-0.34697265923023224,-1.039160132408142,-0.4500976577401161,-1.402441382408142,-0.6380859352648258,-1.042773425579071,-0.7106445338577032,-1.3018065690994263,-0.9063476622104645,-1.526562511920929
238,0.008007794618606567,-0.5191894471645355,-1.095458984375,-2.504101514816284,0.022265642881393433,-0.879589855670929,-0.4393066391348839,-1.311962902545929,-0.6902343742549419,-0.928515613079071,-0.5681640617549419,-0.93505859375,-0.34614257514476776,-1.038281261920929,-0.4360351637005806,-1.3801758289337158,-0.6383789069950581,-1.042578101158142,-0.8334472700953484,-1.3731445670127869,-0.9044433608651161,-1.5240722298622131
239,0.0062499940395355225,-0.520947277545929,-1.107861340045929,-2.5224609375,0.020605474710464478,-0.8810058832168579,-0.43940429389476776,-1.310937523841858,-0.7230468727648258,-0.9392578601837158,-0.5617675771936774,-0.9174315929412842,-0.3442382887005806,-1.036035180091858,-0.4198242202401161,-1.351367175579071,-0.6382812522351742,-1.044384777545929,-0.9015624970197678,-1.5084960460662842,-0.9054199233651161,-1.5240722298622131
240,0.008691400289535522,-0.519238293170929,-1.2111327946186066,-2.693359375,0.020068377256393433,-0.879638671875,-0.4393066391348839,-1.3124023079872131,-0.72216796875,-0.9400390982627869,-0.5617187507450581,-0.9168944954872131,-0.33935546875,-1.029638648033142,-0.4053710922598839,-1.325537085533142,-0.6379882805049419,-1.043847680091858,-0.9231933653354645,-1.6001465320587158,-0.9075195342302322,-1.527587890625
241,0.010009765625,-0.5218261778354645,-1.203808605670929,-2.693359375,0.018505871295928955,-0.8802734613418579,-0.44047851860523224,-1.314990222454071,-0.7245605476200581,-0.94140625,-0.47114257514476776,-0.956103503704071,-0.3375488221645355,-1.021240234375,-0.3890136703848839,-1.2939453125,-0.6407714821398258,-1.056494116783142,-0.9195312485098839,-1.592138648033142,-0.9053710922598839,-1.529052734375
242,0.0146484375,-0.5185546576976776,-1.207421898841858,-2.693359375,0.020849615335464478,-0.881396472454071,-0.4398437514901161,-1.312548816204071,-0.724609375,-0.9432128667831421,-0.3661132827401161,-1.034960925579071,-0.3363281190395355,-1.0196289420127869,-0.3650878891348839,-1.254492163658142,-0.637451171875,-1.0457519888877869,-0.9224609434604645,-1.5976563096046448,-0.9054199159145355,-1.531298816204071
243,0.015625,-0.5189453363418579,-1.2202636897563934,-2.673046827316284,-0.025976568460464478,-0.9102539420127869,-0.43896484375,-1.314013659954071,-0.7249023430049419,-0.93994140625,-0.32915037870407104,-1.1011719107627869,-0.32158203423023224,-1.009619116783142,-0.33149413764476776,-1.198095679283142,-0.6366210915148258,-1.0451171398162842,-0.9207031279802322,-1.5976073741912842,-0.8664550743997097,-1.470996081829071
244,0.015576183795928955,-0.5230956971645355,-1.2021484375,-2.693359375,-0.10820311307907104,-0.991992175579071,-0.43706054240465164,-1.309814453125,-0.7224609367549419,-0.9421875476837158,-0.343505859375,-1.107568383216858,-0.2880859375,-0.9472167491912842,-0.30131836235523224,-1.146240234375,-0.6368164084851742,-1.043701171875,-0.922119140625,-1.599218726158142,-0.7554199201986194,-1.330664038658142
245,0.017626941204071045,-0.5211913883686066,-1.2605957090854645,-2.693359375,-0.12558594346046448,-1.044091820716858,-0.4183105453848839,-1.2833008170127869,-0.7218750007450581,-0.939648449420929,-0.3353515714406967,-1.0838379263877869,-0.268798828125,-0.9207031726837158,-0.27568359673023224,-1.105175793170929,-0.6374999992549419,-1.044531226158142,-0.9242675825953484,-1.600927710533142,-0.6739257834851742,-1.3171874284744263
246,0.016650378704071045,-0.524121105670929,-1.212597668170929,-2.693359375,-0.12910157442092896,-1.052294909954071,-0.3316894471645355,-1.194580078125,-0.7198242172598839,-0.939453125,-0.34379883110523224,-1.109716773033142,-0.257568359375,-0.886767566204071,-0.25019530951976776,-1.057910144329071,-0.63720703125,-1.046923816204071,-0.9214843809604645,-1.5950195789337158,-0.6679199207574129,-1.30224609375
247,0.018261730670928955,-0.5228515863418579,-1.274072289466858,-2.693359375,-0.12890625,-1.052490234375,-0.220458984375,-1.139794945716858,-0.7205566391348839,-0.943652331829071,-0.34331054985523224,-1.109130859375,-0.17802733182907104,-0.6584961414337158,-0.22353515028953552,-1.000146508216858,-0.6371093727648258,-1.046191394329071,-0.9219726547598839,-1.5957520008087158,-0.6658691391348839,-1.3042480945587158
248,0.01611328125,-0.526416003704071,-1.271289050579071,-2.693359375,-0.12543946504592896,-1.040869116783142,-0.1943359375,-1.145898461341858,-0.7216796875,-0.9458984136581421,-0.3385253846645355,-1.097460925579071,-0.16240233182907104,-0.6209961175918579,-0.13203126192092896,-0.7052733898162842,-0.6201660148799419,-1.061718761920929,-0.9244628995656967,-1.597998023033142,-0.6648437473922968,-1.3071777820587158
249,0.014843732118606567,-0.5245116949081421,-1.33203125,-2.693359375,-0.12900391221046448,-1.04443359375,-0.18989257514476776,-1.130029320716858,-0.7217773422598839,-0.94482421875,-0.3333984315395355,-1.082910180091858,-0.17011719942092896,-0.6368163824081421,9999.0,9999.0,-0.5796874985098839,-1.186425805091858,-0.9209960922598839,-1.597802758216858,-0.6669433582574129,-1.319091796875
250,0.016796857118606567,-0.523876965045929,-1.325585961341858,-2.693359375,-0.13203124701976776,-1.054345726966858,-0.19321289658546448,-1.133349597454071,-0.7206542976200581,-0.9452636241912842,-0.33808594942092896,-1.105810523033142,-0.25927734375,-0.881787121295929,9999.0,9999.0,-0.5792480446398258,-1.1990234851837158,-0.9248535111546516,-1.6008788347244263,-0.6655761711299419,-1.321533203125
251,0.016748040914535522,-0.5234863460063934,-1.2080078125,-2.693359375,-0.12749022245407104,-1.042871117591858,-0.19614256918430328,-1.141845703125,-0.7203125022351742,-0.9446777105331421,-0.3304687440395355,-1.079785168170929,-0.21357423067092896,-0.6968749761581421,9999.0,9999.0,-0.5720703136175871,-1.175537109375,-0.9238769486546516,-1.597216784954071,-0.6639160122722387,-1.320703148841858
252,0.016064465045928955,-0.5243163704872131,-1.200488269329071,-2.693359375,-0.12348632514476776,-1.0370604991912842,-0.19331054389476776,-1.1333496570587158,-0.7210449203848839,-0.9469726085662842,-0.3284667879343033,-1.07958984375,-0.2958984375,-0.92626953125,9999.0,9999.0,-0.5721679665148258,-1.177001953125,-0.9273925796151161,-1.604882836341858,-0.662109375,-1.328417956829071
253,0.015332043170928955,-0.525830090045929,-1.2660156190395355,-2.693359375,-0.12490235269069672,-1.039843738079071,-0.194580078125,-1.139697253704071,-0.7177734375,-0.9457030892372131,-0.33100585639476776,-1.091943383216858,-0.294677734375,-0.9207519292831421,9999.0,9999.0,-0.5775878950953484,-1.199267566204071,-0.9256347715854645,-1.604345679283142,-0.6621581986546516,-1.3291015625
254,0.013818353414535522,-0.5238281190395355,-1.2655273377895355,-2.693359375,-0.11357423663139343,-1.018408179283142,-0.19257812201976776,-1.138671875,-0.7188476584851742,-0.948046863079071,-0.32890625298023224,-1.0790038704872131,-0.292236328125,-0.912890613079071,9999.0,9999.0,-0.5729492194950581,-1.176464855670929,-0.9257812425494194,-1.6045410633087158,-0.6620605476200581,-1.3305663466453552
255,0.012109369039535522,-0.524658203125,-1.207617163658142,-2.693359375,-0.12124022841453552,-1.0422852039337158,-0.191162109375,-1.139599621295929,-0.7178222686052322,-0.94482421875,-0.33159179985523224,-1.0941894054412842,-0.2969726622104645,-0.918652355670929,-0.06904298067092896,-0.38261717557907104,-0.5794433616101742,-1.202001929283142,-0.9248535186052322,-1.6058105826377869,-0.6620605513453484,-1.333544909954071
256,0.01171875,-0.5250487923622131,-1.181640625,-2.693359375,-0.11835937201976776,-1.0320801138877869,-0.19003905355930328,-1.139306664466858,-0.7158203125,-0.944091796875,-0.33124999701976776,-1.0911621451377869,-0.2984375059604645,-0.9195801019668579,-0.12666016817092896,-0.42949217557907104,-0.5708496086299419,-1.175488293170929,-0.926025390625,-1.606689453125,-0.6626464836299419,-1.334814429283142
257,0.011132806539535522,-0.5234375,-1.2288574278354645,-2.693359375,-0.12373048067092896,-1.043554663658142,-0.19052733480930328,-1.137792944908142,-0.7184082046151161,-0.9432128667831421,-0.33281248807907104,-1.096386730670929,-0.30244140326976776,-0.92138671875,-0.20820312201976776,-0.69970703125,-0.5756835900247097,-1.190234363079071,-0.9238769561052322,-1.6073241829872131,-0.6639648452401161,-1.335742175579071
258,0.010937511920928955,-0.5235839784145355,-1.1640625,-2.693359375,-0.12197265028953552,-1.034912109375,-0.191162109375,-1.135449230670929,-0.7181152366101742,-0.9415526986122131,-0.33061523735523224,-1.094433605670929,-0.3238281160593033,-1.001904308795929,-0.2918945252895355,-0.9666016101837158,-0.570166015997529,-1.172949194908142,-0.9252929762005806,-1.6111816763877869,-0.6628417931497097,-1.335302710533142
259,0.011474609375,-0.5244140326976776,-1.2171386778354645,-2.693359375,-0.12353515625,-1.043505847454071,-0.1943359375,-1.1396484375,-0.7195312492549419,-0.944873034954071,-0.33173827826976776,-1.09521484375,-0.24843749403953552,-0.8089843988418579,-0.22822265326976776,-0.6597656011581421,-0.5696777310222387,-1.171826183795929,-0.9220703169703484,-1.6083984971046448,-0.6613281257450581,-1.3327149152755737
260,0.014257818460464478,-0.5236816108226776,-1.138085961341858,-2.693359375,-0.12031249701976776,-1.090673804283142,-0.20205077528953552,-1.151660144329071,-0.7012207023799419,-0.948681652545929,-0.3370117247104645,-1.110888659954071,9999.0,9999.0,-0.23227539658546448,-0.6297851204872131,-0.5762695297598839,-1.1961426138877869,-0.9200195297598839,-1.608154296875,-0.6590820290148258,-1.3320313096046448
261,0.01303708553314209,-0.525830090045929,-1.229785144329071,-2.693359375,-0.12343749403953552,-1.102685570716858,-0.15400391817092896,-0.9708007574081421,-0.698095703497529,-0.9755370616912842,-0.3272460997104645,-1.082958996295929,9999.0,9999.0,-0.23442381620407104,-0.5907226800918579,-0.5688964817672968,-1.171191394329071,-0.8486816398799419,-1.4716797471046448,-0.6582519486546516,-1.3336425423622131
262,0.010546892881393433,-0.529736340045929,-1.21875,-2.693359375,-0.12167969346046448,-1.099072277545929,9999.0,9999.0,-0.6986816395074129,-0.97802734375,-0.3326171785593033,-1.0966796875,9999.0,9999.0,-0.23681640625,-0.5494629144668579,-0.5691406261175871,-1.168798804283142,-0.7159667955711484,-1.2666992545127869,-0.6504394523799419,-1.303955078125
263,0.011865228414535522,-0.5274413824081421,-1.20703125,-2.693359375,-0.119140625,-1.0955566763877869,9999.0,9999.0,-0.6970214862376451,-0.9737792611122131,-0.3340820223093033,-1.098583996295929,-0.25341796875,-0.8135741949081421,-0.24521484971046448,-0.5060546696186066,-0.5695312507450581,-1.1702148914337158,-0.6949707008898258,-1.3016601204872131,-0.5215820297598839,-1.016503930091858
264,0.010302752256393433,-0.528759777545929,-1.213818371295929,-2.693359375,-0.11943361163139343,-1.09521484375,9999.0,9999.0,-0.6979980450123549,-0.973876953125,-0.33134765923023224,-1.095410168170929,-0.23007813096046448,-0.6778320074081421,-0.26411132514476776,-0.4826660454273224,-0.5704589858651161,-1.1732421517372131,-0.6959960944950581,-1.308544933795929,9999.0,9999.0
265,0.010302722454071045,-0.52880859375,-1.2051757872104645,-2.693359375,-0.12119141221046448,-1.100000023841858,9999.0,9999.0,-0.697998046875,-0.9764160513877869,-0.33447265625,-1.1073241829872131,-0.251953125,-0.7459961175918579,-0.28413085639476776,-0.43500977754592896,-0.5687988288700581,-1.170605480670929,-0.6984375026077032,-1.315185546875,9999.0,9999.0
266,0.009228527545928955,-0.53271484375,-1.2061523497104645,-2.693359375,-0.12421876192092896,-1.102294921875,9999.0,9999.0,-0.699072265997529,-0.978515625,-0.3368164002895355,-1.108593761920929,-0.3316894546151161,-0.993212878704071,-0.30937500298023224,-0.3792968690395355,-0.5701171904802322,-1.171777367591858,-0.6953125,-1.3142090439796448,9999.0,9999.0
267,0.0074218809604644775,-0.5354980826377869,-1.206298828125,-2.693359375,-0.12651365995407104,-1.1023926138877869,9999.0,9999.0,-0.7043457012623549,-0.988330066204071,-0.3355956971645355,-1.1053223013877869,-0.3367675691843033,-0.995556652545929,-0.34370117634534836,-0.3563476502895355,-0.5714843757450581,-1.171093761920929,-0.695410156622529,-1.318457007408142,9999.0,9999.0
268,0.008007794618606567,-0.535351574420929,-1.2080078125,-2.693359375,-0.1308593600988388,-1.114941418170929,9999.0,9999.0,-0.7051757834851742,-0.9917968511581421,-0.33256836235523224,-1.1015625,-0.3382324278354645,-1.000732421875,-0.36591797322034836,-0.31230467557907104,-0.573144530877471,-1.1751465201377869,-0.6948730461299419,-1.318457007408142,9999.0,9999.0
269,0.011279314756393433,-0.5354980230331421,-1.2032226473093033,-2.693359375,-0.12436522543430328,-1.100146472454071,9999.0,9999.0,-0.7059570290148258,-0.98583984375,-0.24140624701976776,-1.013867199420929,-0.3392089828848839,-1.0092284679412842,-0.3857421875,-0.31269529461860657,-0.5724609382450581,-1.173828125,-0.6945800799876451,-1.316552758216858,9999.0,9999.0
270,,,-1.2017578035593033,-2.693359375,-0.12836912274360657,-1.107373058795929,9999.0,9999.0,-0.7106445319950581,-0.990039050579071,-0.21401366591453552,-0.9696776866912842,,,-0.3943847566843033,-0.29340818524360657,-0.5727050770074129,-1.172998070716858,-0.696435546502471,-1.3206055164337158,-0.6580078117549419,-1.3854491710662842
